0 0.18007662835249041 0.08688524590163935 0.07088122605363985 0.04918032786885246
0 0.19875478927203064 0.12950819672131147 0.06417624521072797 0.04480874316939891
0 0.21264367816091953 0.17868852459016393 0.047892720306513405 0.036065573770491806
0 0.24377394636015323 0.2191256830601093 0.07183908045977011 0.04918032786885246
0 0.2672413793103448 0.2715846994535519 0.06704980842911877 0.05136612021857923
0 0.3194444444444444 0.012568306010928962 0.033524904214559385 0.020765027322404372
0 0.3237547892720306 0.05628415300546448 0.036398467432950186 0.022950819672131147
0 0.3366858237547893 0.07978142076502732 0.039272030651340994 0.028415300546448086
0 0.37308429118773945 0.11420765027322405 0.06417624521072797 0.046994535519125684
0 0.6580459770114943 0.2814207650273224 0.01532567049808429 0.018579234972677595
0 0.4808429118773946 0.3639344262295082 0.028735632183908046 0.028415300546448086
0 0.49664750957854403 0.387431693989071 0.02969348659003831 0.025136612021857924
0 0.5148467432950191 0.4060109289617486 0.020114942528735632 0.022950819672131147
0 0.5282567049808429 0.43333333333333335 0.023946360153256702 0.0273224043715847
0 0.40277777777777773 0.45136612021857925 0.027777777777777776 0.028415300546448086
0 0.4272030651340996 0.48743169398907105 0.038314176245210725 0.03715846994535519
0 0.4918582375478927 0.6087431693989072 0.039272030651340994 0.039344262295081964
0 0.5234674329501915 0.6480874316939891 0.05459770114942528 0.048087431693989074
0 0.5680076628352491 0.7557377049180328 0.05172413793103448 0.05573770491803279
0 0.6029693486590038 0.8109289617486338 0.05842911877394636 0.06120218579234973
0 0.7471264367816092 0.32404371584699454 0.02490421455938697 0.025136612021857924
0 0.7725095785440612 0.35355191256830604 0.045019157088122604 0.03825136612021858
0 0.8113026819923371 0.4027322404371585 0.042145593869731796 0.04262295081967213
0 0.7164750957854406 0.46174863387978143 0.028735632183908046 0.022950819672131147
0 0.7485632183908045 0.5016393442622951 0.04693486590038314 0.04371584699453552
0 0.7772988505747126 0.5475409836065573 0.03160919540229885 0.030601092896174863
0 0.8189655172413792 0.5846994535519126 0.053639846743295014 0.05027322404371585
0 0.6182950191570881 0.5748633879781421 0.018199233716475093 0.02185792349726776
0 0.6388888888888888 0.6065573770491803 0.022988505747126436 0.02622950819672131
0 0.6733716475095786 0.6743169398907104 0.026819923371647507 0.030601092896174863
0 0.6934865900383141 0.7060109289617487 0.03065134099616858 0.030601092896174863
0 0.7212643678160919 0.7355191256830601 0.02490421455938697 0.030601092896174863
