0 0.17624521072796934 0.9027322404371585 0.053639846743295014 0.07650273224043716
0 0.22461685823754787 0.8502732240437159 0.037356321839080456 0.04590163934426229
0 0.2600574712643678 0.8202185792349727 0.039272030651340994 0.04480874316939891
0 0.29214559386973177 0.7956284153005464 0.044061302681992334 0.06120218579234973
0 0.5977011494252873 0.6901639344262295 0.032567049808429116 0.036065573770491806
0 0.64272030651341 0.19781420765027322 0.044061302681992334 0.04590163934426229
0 0.9123563218390804 0.11530054644808743 0.035440613026819924 0.033879781420765025
0 0.603927203065134 0.2923497267759563 0.020114942528735632 0.020765027322404372
0 0.636015325670498 0.3224043715846995 0.019157088122605363 0.02185792349726776
0 0.6781609195402298 0.35628415300546445 0.019157088122605363 0.019672131147540982
0 0.7174329501915708 0.3814207650273224 0.03065134099616858 0.03715846994535519
0 0.75 0.4180327868852459 0.019157088122605363 0.022950819672131147
0 0.5498084291187739 0.3519125683060109 0.019157088122605363 0.019672131147540982
0 0.6173371647509578 0.42349726775956287 0.03160919540229885 0.03169398907103825
