0 0.14292114695340502 0.578907435508346 0.05824372759856631 0.11380880121396054
0 0.18951612903225806 0.6267071320182094 0.02956989247311828 0.0637329286798179
0 0.21012544802867383 0.5098634294385432 0.025985663082437275 0.06676783004552353
0 0.20743727598566308 0.41881638846737484 0.042114695340501794 0.09408194233687406
0 0.4529569892473118 0.24127465857359637 0.07795698924731183 0.11229135053110774
0 0.4475806451612903 0.41502276176024283 0.06182795698924731 0.09559939301972686
0 0.43324372759856633 0.5121396054628224 0.06362007168458782 0.09256449165402125
0 0.5228494623655914 0.27769347496206376 0.03494623655913978 0.06980273141122914
0 0.5228494623655914 0.34673748103186647 0.02956989247311828 0.05918057663125949
0 0.517921146953405 0.4006069802731411 0.025089605734767026 0.048558421851289835
0 0.5067204301075269 0.4544764795144158 0.02956989247311828 0.05918057663125949
0 0.49507168458781364 0.5455235204855843 0.025985663082437275 0.05918057663125949
0 0.49014336917562723 0.5948406676783005 0.021505376344086023 0.054628224582701064
0 0.4829749103942652 0.6403641881638847 0.025089605734767026 0.045523520485584223
0 0.47625448028673834 0.7693474962063733 0.036738351254480286 0.051593323216995446
0 0.5905017921146953 0.40515933232169954 0.02867383512544803 0.05766312594840668
0 0.5757168458781362 0.5 0.022401433691756272 0.06828528072837634
0 0.5488351254480287 0.7185128983308042 0.03136200716845878 0.05918057663125949
0 0.5421146953405018 0.7670713201820941 0.02867383512544803 0.05311077389984826
0 0.714605734767025 0.42564491654021247 0.024193548387096774 0.04704097116843703
0 0.7594086021505376 0.5030349013657056 0.024193548387096774 0.04400606980273141
0 0.9148745519713262 0.4347496206373293 0.043010752688172046 0.07435508345978756
0 0.9847670250896058 0.48634294385432475 0.026881720430107527 0.05918057663125949
0 0.9887992831541219 0.42564491654021247 0.01881720430107527 0.05311077389984826
0 0.9910394265232975 0.3657056145675266 0.014336917562724014 0.054628224582701064
