0 0.8572796934865899 0.030601092896174863 0.05172413793103448 0.039344262295081964
0 0.8438697318007662 0.06448087431693988 0.05938697318007662 0.041530054644808745
0 0.6053639846743295 0.059562841530054644 0.07088122605363985 0.060109289617486336
0 0.5680076628352491 0.13442622950819672 0.09003831417624521 0.06557377049180328
0 0.5258620689655172 0.21475409836065573 0.09770114942528735 0.08196721311475409
0 0.5191570881226053 0.2617486338797814 0.044061302681992334 0.04262295081967213
0 0.4774904214559387 0.30273224043715846 0.10440613026819923 0.08524590163934426
0 0.3524904214559387 0.5234972677595628 0.10727969348659003 0.10273224043715846
0 0.33812260536398464 0.5841530054644809 0.04980842911877394 0.053551912568306013
0 0.2868773946360153 0.6398907103825137 0.11206896551724137 0.11912568306010929
0 0.27586206896551724 0.7103825136612022 0.0632183908045977 0.0633879781420765
0 0.21695402298850575 0.7704918032786885 0.11781609195402298 0.13114754098360656
0 0.14032567049808428 0.812568306010929 0.05459770114942528 0.07540983606557378
0 0.1839080459770115 0.846448087431694 0.05172413793103448 0.06448087431693988
0 0.17672413793103448 0.898360655737705 0.06034482758620689 0.07213114754098361
0 0.11973180076628352 0.9010928961748634 0.10153256704980843 0.10819672131147541
0 0.07471264367816091 0.9387978142076503 0.06896551724137931 0.07868852459016393
0 0.12835249042145594 0.9677595628415301 0.07662835249042145 0.06666666666666667
0 0.600095785440613 0.6475409836065574 0.10632183908045977 0.11475409836065574
