0 0.9434865900383141 0.13387978142076504 0.09195402298850575 0.08196721311475409
0 0.7442528735632183 0.5650273224043716 0.06896551724137931 0.07213114754098361
0 0.25239463601532564 0.6207650273224044 0.07758620689655173 0.06557377049180328
0 0.2590996168582375 0.5158469945355191 0.06800766283524903 0.05245901639344262
0 0.6226053639846743 0.3551912568306011 0.09961685823754789 0.08524590163934426
0 0.6930076628352491 0.18579234972677597 0.09291187739463601 0.08961748633879782
0 0.028735632183908046 0.41420765027322404 0.05172413793103448 0.08524590163934426
0 0.2164750957854406 0.24316939890710382 0.08620689655172413 0.0907103825136612
0 0.4051724137931034 0.16994535519125684 0.08620689655172413 0.10163934426229508
0 0.5277777777777778 0.12185792349726776 0.08237547892720307 0.07759562841530054
0 0.6154214559386972 0.0907103825136612 0.07567049808429119 0.07650273224043716
0 0.7068965517241379 0.059562841530054644 0.06896551724137931 0.07978142076502732
0 0.2476053639846743 0.048087431693989074 0.05651340996168582 0.048087431693989074
0 0.1613984674329502 0.08087431693989071 0.05651340996168582 0.0546448087431694
0 0.07471264367816091 0.10546448087431694 0.08620689655172413 0.073224043715847
