0 0.10105363984674329 0.012021857923497269 0.035440613026819924 0.02185792349726776
0 0.2332375478927203 0.10546448087431694 0.09099616858237547 0.06448087431693988
0 0.23563218390804597 0.18797814207650274 0.0632183908045977 0.07213114754098361
0 0.3304597701149425 0.1644808743169399 0.08620689655172413 0.07978142076502732
0 0.3874521072796935 0.4530054644808743 0.07758620689655173 0.06666666666666667
0 0.4525862068965517 0.49508196721311476 0.07183908045977011 0.06557377049180328
0 0.49425287356321834 0.5726775956284152 0.10919540229885057 0.1005464480874317
0 0.4832375478927203 0.4530054644808743 0.035440613026819924 0.04480874316939891
0 0.5172413793103448 0.49562841530054647 0.034482758620689655 0.040437158469945354
0 0.5330459770114943 0.5147540983606558 0.03160919540229885 0.03278688524590164
0 0.5498084291187739 0.5398907103825137 0.034482758620689655 0.041530054644808745
0 0.571360153256705 0.5666666666666667 0.037356321839080456 0.036065573770491806
0 0.5981800766283525 0.607103825136612 0.04118773946360153 0.04480874316939891
0 0.5771072796934865 0.49562841530054647 0.037356321839080456 0.033879781420765025
0 0.6149425287356322 0.8524590163934426 0.05747126436781609 0.07213114754098361
0 0.6446360153256705 0.7530054644808744 0.07471264367816091 0.1005464480874317
0 0.7140804597701149 0.819672131147541 0.05459770114942528 0.05245901639344262
0 0.6997126436781609 0.7387978142076502 0.048850574712643674 0.04590163934426229
0 0.6700191570881225 0.6967213114754098 0.045019157088122604 0.036065573770491806
0 0.6930076628352491 0.66775956284153 0.04118773946360153 0.04371584699453552
0 0.7988505747126436 0.8967213114754098 0.04597701149425287 0.04262295081967213
0 0.9664750957854406 0.9825136612021858 0.04597701149425287 0.03715846994535519
