0 0.7270114942528735 0.1907103825136612 0.05747126436781609 0.053551912568306013
0 0.7653256704980842 0.23333333333333334 0.04597701149425287 0.040437158469945354
0 0.8165708812260536 0.27049180327868855 0.04693486590038314 0.04262295081967213
0 0.8654214559386972 0.31256830601092894 0.04118773946360153 0.039344262295081964
0 0.9200191570881225 0.3469945355191257 0.04693486590038314 0.04918032786885246
0 0.6226053639846743 0.27595628415300544 0.07279693486590037 0.06448087431693988
0 0.6604406130268199 0.3284153005464481 0.05459770114942528 0.046994535519125684
0 0.7150383141762452 0.36721311475409835 0.07758620689655173 0.07213114754098361
0 0.757183908045977 0.42349726775956287 0.048850574712643674 0.046994535519125684
0 0.8069923371647509 0.4601092896174863 0.05459770114942528 0.05901639344262295
0 0.48659003831417624 0.39289617486338796 0.08045977011494253 0.07540983606557378
0 0.5852490421455938 0.48415300546448087 0.05555555555555555 0.05683060109289617
0 0.6345785440613027 0.5415300546448087 0.05459770114942528 0.060109289617486336
0 0.6743295019157087 0.6 0.06513409961685823 0.06557377049180328
0 0.3639846743295019 0.4907103825136612 0.08429118773946359 0.08743169398907104
0 0.4104406130268199 0.5491803278688525 0.048850574712643674 0.04918032786885246
0 0.4583333333333333 0.6043715846994535 0.08908045977011494 0.08524590163934426
