0 0.139367816091954 0.946448087431694 0.1293103448275862 0.09617486338797815
0 0.28879310344827586 0.773224043715847 0.06609195402298851 0.14098360655737704
0 0.48659003831417624 0.7797814207650273 0.06896551724137931 0.12131147540983607
0 0.6733716475095786 0.812568306010929 0.0632183908045977 0.09508196721311475
0 0.7720306513409961 0.8032786885245902 0.07662835249042145 0.12459016393442623
0 0.882183908045977 0.5300546448087432 0.07471264367816091 0.06994535519125683
0 0.58955938697318 0.526775956284153 0.05651340996168582 0.07431693989071038
0 0.14415708812260536 0.47978142076502733 0.05842911877394636 0.06557377049180328
0 0.21312260536398467 0.23825136612021858 0.05651340996168582 0.07650273224043716
0 0.5162835249042146 0.27814207650273226 0.047892720306513405 0.06229508196721312
0 0.6690613026819923 0.28852459016393445 0.048850574712643674 0.05901639344262295
0 0.7456896551724137 0.29180327868852457 0.048850574712643674 0.05901639344262295
