0 0.2883141762452107 0.040983606557377046 0.040229885057471264 0.036065573770491806
0 0.403735632183908 0.041530054644808745 0.08908045977011494 0.06994535519125683
0 0.6240421455938697 0.07540983606557378 0.06226053639846743 0.04590163934426229
0 0.6101532567049808 0.15300546448087432 0.0632183908045977 0.0546448087431694
0 0.47270114942528735 0.22021857923497268 0.05459770114942528 0.060109289617486336
0 0.36590038314176243 0.19398907103825136 0.10344827586206896 0.08633879781420765
0 0.5349616858237548 0.3469945355191257 0.05842911877394636 0.06885245901639345
0 0.5205938697318008 0.4923497267759563 0.06417624521072797 0.08415300546448087
0 0.5881226053639846 0.4989071038251366 0.06130268199233716 0.0907103825136612
0 0.657088122605364 0.5098360655737705 0.06513409961685823 0.08852459016393442
0 0.2658045977011494 0.6846994535519125 0.06609195402298851 0.08852459016393442
