0 0.5368470149253731 0.4961748633879781 0.025186567164179104 0.03715846994535519
0 0.5685634328358209 0.5136612021857924 0.049440298507462684 0.04590163934426229
0 0.5956156716417911 0.5765027322404371 0.03824626865671642 0.029508196721311476
0 0.6277985074626865 0.5688524590163935 0.029850746268656716 0.036065573770491806
0 0.7103544776119403 0.6344262295081967 0.05876865671641791 0.04480874316939891
0 0.7448694029850746 0.6546448087431694 0.036380597014925374 0.034972677595628415
0 0.7756529850746269 0.6371584699453552 0.03264925373134328 0.03278688524590164
0 0.8013059701492538 0.6333333333333333 0.04291044776119403 0.03825136612021858
0 0.8297574626865671 0.6333333333333333 0.06809701492537314 0.08633879781420765
0 0.8334888059701492 0.6601092896174864 0.036380597014925374 0.041530054644808745
0 0.7486007462686567 0.5841530054644809 0.028917910447761194 0.03169398907103825
0 0.9892723880597015 0.5010928961748634 0.021455223880597014 0.029508196721311476
0 0.9888059701492538 0.473224043715847 0.020522388059701493 0.019672131147540982
0 0.9855410447761194 0.4557377049180328 0.027052238805970148 0.04371584699453552
0 0.9640858208955224 0.4459016393442623 0.030783582089552237 0.03278688524590164
0 0.9762126865671642 0.42131147540983604 0.041977611940298504 0.05136612021857923
0 0.9407649253731343 0.47704918032786886 0.036380597014925374 0.03169398907103825
0 0.9692164179104478 0.4923497267759563 0.027985074626865673 0.040437158469945354
0 0.9095149253731343 0.4715846994535519 0.03171641791044776 0.03169398907103825
0 0.9305037313432836 0.43005464480874317 0.07555970149253731 0.07103825136612021
0 0.8465485074626865 0.4426229508196721 0.030783582089552237 0.02622950819672131
0 0.7779850746268656 0.3726775956284153 0.055970149253731345 0.06775956284153005
0 0.7504664179104478 0.41366120218579233 0.03264925373134328 0.0273224043715847
0 0.7826492537313433 0.42513661202185793 0.033582089552238806 0.030601092896174863
0 0.6972947761194029 0.35628415300546445 0.0625 0.07431693989071038
0 0.4944029850746269 0.32131147540983607 0.029850746268656716 0.024043715846994537
0 0.43843283582089554 0.28524590163934427 0.033582089552238806 0.03715846994535519
0 0.45009328358208955 0.30491803278688523 0.030783582089552237 0.04590163934426229
0 0.3325559701492537 0.24316939890710382 0.041977611940298504 0.040437158469945354
0 0.345615671641791 0.2825136612021858 0.03451492537313433 0.04262295081967213
0 0.25886194029850745 0.24043715846994534 0.03264925373134328 0.04590163934426229
0 0.2667910447761194 0.26229508196721313 0.027985074626865673 0.034972677595628415
0 0.23740671641791045 0.25792349726775954 0.01958955223880597 0.028415300546448086
0 0.23507462686567163 0.27377049180327867 0.022388059701492536 0.025136612021857924
0 0.2248134328358209 0.25519125683060107 0.020522388059701493 0.025136612021857924
0 0.20755597014925373 0.26557377049180325 0.021455223880597014 0.028415300546448086
0 0.21781716417910446 0.28469945355191256 0.025186567164179104 0.020765027322404372
0 0.22434701492537312 0.3010928961748634 0.030783582089552237 0.036065573770491806
0 0.23600746268656717 0.3191256830601093 0.027985074626865673 0.034972677595628415
0 0.23787313432835822 0.3448087431693989 0.029850746268656716 0.036065573770491806
0 0.27238805970149255 0.36010928961748634 0.046641791044776115 0.04918032786885246
0 0.27098880597014924 0.32349726775956283 0.028917910447761194 0.034972677595628415
0 0.2579291044776119 0.2978142076502732 0.04757462686567164 0.060109289617486336
0 0.1669776119402985 0.2814207650273224 0.018656716417910446 0.0273224043715847
0 0.1707089552238806 0.29453551912568304 0.020522388059701493 0.022950819672131147
0 0.17210820895522388 0.31366120218579235 0.023320895522388058 0.024043715846994537
0 0.1515858208955224 0.2901639344262295 0.025186567164179104 0.03169398907103825
0 0.14458955223880596 0.3087431693989071 0.022388059701492536 0.022950819672131147
0 0.1609141791044776 0.333879781420765 0.027052238805970148 0.03169398907103825
0 0.13013059701492538 0.3180327868852459 0.01958955223880597 0.02622950819672131
0 0.13526119402985073 0.34590163934426227 0.029850746268656716 0.03825136612021858
0 0.14412313432835822 0.36666666666666664 0.027052238805970148 0.03825136612021858
0 0.09514925373134328 0.31693989071038253 0.029850746268656716 0.030601092896174863
0 0.10541044776119403 0.3524590163934426 0.03731343283582089 0.0273224043715847
0 0.16744402985074627 0.4098360655737705 0.05317164179104478 0.06120218579234973
0 0.06296641791044776 0.33278688524590166 0.030783582089552237 0.033879781420765025
0 0.05037313432835821 0.34972677595628415 0.018656716417910446 0.03278688524590164
0 0.04897388059701492 0.3737704918032787 0.036380597014925374 0.024043715846994537
0 0.05363805970149254 0.3989071038251366 0.028917910447761194 0.034972677595628415
0 0.07555970149253731 0.3633879781420765 0.033582089552238806 0.03169398907103825
0 0.07835820895522388 0.39726775956284155 0.03171641791044776 0.040437158469945354
0 0.08255597014925373 0.4360655737704918 0.03264925373134328 0.041530054644808745
0 0.02658582089552239 0.3524590163934426 0.03264925373134328 0.036065573770491806
