0 0.899904214559387 0.9366120218579235 0.12739463601532566 0.11584699453551912
0 0.5603448275862069 0.7530054644808744 0.11494252873563218 0.16174863387978142
0 0.45162835249042144 0.7125683060109289 0.09099616858237547 0.12459016393442623
0 0.3496168582375479 0.6754098360655738 0.09961685823754789 0.1180327868852459
0 0.2528735632183908 0.6245901639344262 0.08620689655172413 0.12131147540983607
0 0.8333333333333333 0.4808743169398907 0.09770114942528735 0.1092896174863388
0 0.7011494252873562 0.4715846994535519 0.09770114942528735 0.10163934426229508
0 0.5996168582375478 0.4349726775956284 0.09386973180076628 0.09617486338797815
0 0.5047892720306513 0.40710382513661203 0.09578544061302681 0.0994535519125683
0 0.421455938697318 0.36721311475409835 0.08812260536398467 0.08524590163934426
0 0.32806513409961685 0.33825136612021856 0.08524904214559387 0.08415300546448087
0 0.871647509578544 0.2284153005464481 0.09195402298850575 0.07650273224043716
