0 0.7878352490421455 0.31366120218579235 0.07567049808429119 0.05027322404371585
0 0.2624521072796935 0.7551912568306011 0.06704980842911877 0.05245901639344262
0 0.4382183908045977 0.6710382513661202 0.05842911877394636 0.04371584699453552
0 0.2476053639846743 0.5355191256830601 0.06417624521072797 0.039344262295081964
0 0.21599616858237547 0.41857923497267757 0.039272030651340994 0.039344262295081964
0 0.25622605363984674 0.41420765027322404 0.03160919540229885 0.030601092896174863
0 0.30124521072796934 0.473224043715847 0.035440613026819924 0.034972677595628415
0 0.3386015325670498 0.4644808743169399 0.035440613026819924 0.03715846994535519
0 0.7318007662835249 0.13497267759562842 0.038314176245210725 0.036065573770491806
0 0.7294061302681992 0.09344262295081968 0.02969348659003831 0.022950819672131147
0 0.7533524904214559 0.10601092896174863 0.02586206896551724 0.019672131147540982
0 0.47174329501915707 0.2180327868852459 0.027777777777777776 0.022950819672131147
