0 0.09243295019157087 0.07978142076502732 0.05651340996168582 0.034972677595628415
0 0.07327586206896551 0.11256830601092896 0.05268199233716475 0.039344262295081964
0 0.06561302681992337 0.3622950819672131 0.05076628352490421 0.05136612021857923
0 0.11015325670498084 0.37868852459016394 0.05555555555555555 0.05573770491803279
0 0.16810344827586207 0.3721311475409836 0.05651340996168582 0.05573770491803279
0 0.23132183908045975 0.3628415300546448 0.04693486590038314 0.06120218579234973
0 0.2782567049808429 0.3333333333333333 0.04693486590038314 0.05027322404371585
0 0.35680076628352486 0.3158469945355191 0.05268199233716475 0.0546448087431694
0 0.48754789272030646 0.43169398907103823 0.053639846743295014 0.048087431693989074
0 0.4233716475095785 0.5191256830601093 0.053639846743295014 0.05683060109289617
0 0.3376436781609195 0.512568306010929 0.05842911877394636 0.07213114754098361
0 0.27729885057471265 0.5398907103825137 0.06226053639846743 0.07431693989071038
0 0.2136015325670498 0.5612021857923497 0.06130268199233716 0.07540983606557378
0 0.14798850574712644 0.5825136612021858 0.06417624521072797 0.07868852459016393
0 0.5134099616858238 0.5961748633879781 0.05555555555555555 0.07103825136612021
0 0.039272030651340994 0.8103825136612022 0.05747126436781609 0.07103825136612021
0 0.6173371647509578 0.39289617486338796 0.045019157088122604 0.04480874316939891
0 0.76772030651341 0.5065573770491804 0.05459770114942528 0.060109289617486336
0 0.9473180076628352 0.4131147540983607 0.06513409961685823 0.0546448087431694
