0 0.8936781609195402 0.9819672131147541 0.04597701149425287 0.036065573770491806
0 0.9334291187739463 0.9584699453551913 0.03160919540229885 0.04590163934426229
0 0.7887931034482758 0.9103825136612022 0.048850574712643674 0.06120218579234973
0 0.8639846743295019 0.8546448087431694 0.04980842911877394 0.05683060109289617
0 0.9042145593869731 0.8240437158469945 0.044061302681992334 0.05245901639344262
0 0.5603448275862069 0.6961748633879782 0.10344827586206896 0.10491803278688525
0 0.664272030651341 0.5191256830601093 0.07950191570881225 0.07868852459016393
0 0.5780651340996168 0.5038251366120219 0.07950191570881225 0.07650273224043716
0 0.5766283524904214 0.5284153005464481 0.08429118773946359 0.06666666666666667
0 0.5478927203065134 0.43278688524590164 0.09003831417624521 0.07868852459016393
0 0.546455938697318 0.32786885245901637 0.045019157088122604 0.04590163934426229
0 0.5162835249042146 0.2912568306010929 0.036398467432950186 0.036065573770491806
