0 0.6192528735632183 0.8426229508196721 0.06609195402298851 0.08524590163934426
0 0.5656130268199233 0.5469945355191257 0.08908045977011494 0.09508196721311475
0 0.564655172413793 0.3726775956284153 0.03160919540229885 0.03715846994535519
0 0.6944444444444444 0.2459016393442623 0.026819923371647507 0.02622950819672131
0 0.7274904214559387 0.24153005464480876 0.02969348659003831 0.028415300546448086
0 0.5933908045977011 0.20546448087431693 0.02586206896551724 0.030601092896174863
0 0.6412835249042145 0.19672131147540983 0.023946360153256702 0.02622950819672131
0 0.6633141762452107 0.19344262295081968 0.020114942528735632 0.019672131147540982
0 0.6872605363984674 0.1923497267759563 0.023946360153256702 0.030601092896174863
0 0.7112068965517241 0.18633879781420765 0.020114942528735632 0.022950819672131147
