0 0.269589552238806 0.43989071038251365 0.04477611940298507 0.046994535519125684
0 0.5223880597014925 0.41202185792349727 0.08208955223880597 0.08087431693989071
0 0.40951492537313433 0.33060109289617484 0.08955223880597014 0.08196721311475409
0 0.48927238805970147 0.31366120218579235 0.0457089552238806 0.05027322404371585
0 0.5657649253731343 0.3043715846994536 0.07742537313432836 0.07540983606557378
0 0.7458022388059702 0.3 0.06996268656716417 0.08852459016393442
0 0.5928171641791045 0.11202185792349727 0.0792910447761194 0.05792349726775956
0 0.6072761194029851 0.05792349726775956 0.07835820895522388 0.05683060109289617
0 0.25046641791044777 0.546448087431694 0.03451492537313433 0.05683060109289617
0 0.3218283582089552 0.5530054644808743 0.07649253731343283 0.1005464480874317
0 0.4207089552238806 0.5377049180327869 0.10074626865671642 0.10491803278688525
0 0.2835820895522388 0.7530054644808744 0.07276119402985075 0.08961748633879782
0 0.40904850746268656 0.739344262295082 0.08675373134328358 0.10819672131147541
0 0.5041977611940298 0.7207650273224043 0.05503731343283582 0.06885245901639345
0 0.5998134328358209 0.7185792349726776 0.05037313432835821 0.06448087431693988
