0 0.1917562724014337 0.07359635811836115 0.04838709677419355 0.08649468892261002
0 0.23118279569892472 0.13884673748103188 0.05017921146953405 0.08649468892261002
0 0.2728494623655914 0.20333839150227617 0.051075268817204304 0.08801213960546282
0 0.31675627240143367 0.2670713201820941 0.0528673835125448 0.08801213960546282
0 0.35976702508960573 0.33763277693474963 0.0492831541218638 0.08649468892261002
0 0.4032258064516129 0.40440060698027314 0.05734767025089606 0.09256449165402125
0 0.4390681003584229 0.4658573596358119 0.05555555555555555 0.09104704097116845
0 0.48476702508960573 0.5333839150227617 0.053763440860215055 0.08952959028831563
0 0.5327060931899642 0.6084977238239757 0.05465949820788531 0.09408194233687406
0 0.6276881720430108 0.7572078907435509 0.0528673835125448 0.09711684370257967
0 0.671594982078853 0.8277693474962065 0.056451612903225805 0.10166919575113809
0 0.3431899641577061 0.025796661608497723 0.035842293906810034 0.051593323216995446
0 0.471326164874552 0.2685887708649469 0.014336917562724014 0.027314112291350532
0 0.48879928315412186 0.23672230652503795 0.013440860215053764 0.021244309559939303
0 0.5062724014336918 0.20637329286798178 0.010752688172043012 0.027314112291350532
0 0.5156810035842294 0.19195751138088013 0.011648745519713262 0.022761760242792112
0 0.5237455197132617 0.17678300455235205 0.013440860215053764 0.019726858877086494
0 0.5542114695340502 0.17905918057663125 0.015232974910394265 0.021244309559939303
0 0.546146953405018 0.19650986342943855 0.013440860215053764 0.022761760242792112
0 0.5376344086021505 0.22534142640364188 0.014336917562724014 0.03186646433990895
0 0.5210573476702509 0.24203338391502277 0.013440860215053764 0.022761760242792112
0 0.5040322580645161 0.27238239757207894 0.015232974910394265 0.03186646433990895
0 0.4946236559139785 0.2883156297420334 0.012544802867383513 0.021244309559939303
0 0.5595878136200717 0.24506828528072838 0.015232974910394265 0.025796661608497723
0 0.5613799283154122 0.26555386949924126 0.017025089605734768 0.018209408194233688
0 0.5542114695340502 0.28148710166919577 0.013440860215053764 0.022761760242792112
0 0.5443548387096774 0.27996965098634297 0.00985663082437276 0.019726858877086494
0 0.546594982078853 0.29817905918057663 0.010752688172043012 0.022761760242792112
0 0.5344982078853047 0.2943854324734446 0.015232974910394265 0.027314112291350532
0 0.5282258064516129 0.3110773899848255 0.013440860215053764 0.021244309559939303
0 0.5183691756272402 0.3254931714719272 0.011648745519713262 0.022761760242792112
0 0.5685483870967742 0.3110773899848255 0.015232974910394265 0.027314112291350532
0 0.5004480286738351 0.40819423368740515 0.015232974910394265 0.024279210925644917
0 0.5183691756272402 0.41881638846737484 0.017025089605734768 0.027314112291350532
0 0.5367383512544803 0.3892261001517451 0.01971326164874552 0.025796661608497723
0 0.5474910394265233 0.40971168437025796 0.012544802867383513 0.021244309559939303
0 0.556899641577061 0.42185128983308046 0.013440860215053764 0.024279210925644917
0 0.568100358422939 0.4370257966616085 0.016129032258064516 0.021244309559939303
0 0.5770609318996416 0.45220030349013657 0.014336917562724014 0.024279210925644917
0 0.5864695340501792 0.4696509863429439 0.015232974910394265 0.03186646433990895
0 0.5860215053763441 0.5250379362670713 0.014336917562724014 0.027314112291350532
0 0.6196236559139785 0.5804248861911988 0.013440860215053764 0.022761760242792112
0 0.6415770609318996 0.6160849772382397 0.014336917562724014 0.024279210925644917
0 0.6626344086021505 0.6509863429438544 0.011648745519713262 0.018209408194233688
0 0.6738351254480287 0.6547799696509864 0.016129032258064516 0.025796661608497723
0 0.6756272401433692 0.6676783004552352 0.014336917562724014 0.021244309559939303
0 0.6966845878136201 0.704855842185129 0.015232974910394265 0.03186646433990895
0 0.7011648745519713 0.6358118361153263 0.01881720430107527 0.036418816388467376
0 0.6796594982078853 0.6031866464339909 0.017025089605734768 0.02883156297420334
0 0.668010752688172 0.5819423368740516 0.013440860215053764 0.022761760242792112
0 0.6568100358422939 0.5834597875569044 0.016129032258064516 0.025796661608497723
0 0.6706989247311828 0.5993930197268589 0.008064516129032258 0.015174506828528073
0 0.8328853046594982 0.8338391502276177 0.01881720430107527 0.03490136570561457
0 0.828853046594982 0.7169954476479514 0.017921146953405017 0.03490136570561457
0 0.8216845878136201 0.6244309559939302 0.012544802867383513 0.03186646433990895
0 0.8207885304659498 0.6047040971168437 0.010752688172043012 0.022761760242792112
0 0.8216845878136201 0.582701062215478 0.016129032258064516 0.030349013657056147
0 0.8154121863799283 0.44613050075872535 0.012544802867383513 0.036418816388467376
0 0.8064516129032258 0.2822458270106222 0.014336917562724014 0.027314112291350532
0 0.8060035842293907 0.24127465857359637 0.013440860215053764 0.030349013657056147
0 0.7155017921146953 0.3292867981790592 0.022401433691756272 0.018209408194233688
0 0.5967741935483871 0.33915022761760244 0.017921146953405017 0.03490136570561457
0 0.7652329749103942 0.161608497723824 0.012544802867383513 0.03186646433990895
0 0.7661290322580645 0.1851289833080425 0.017921146953405017 0.018209408194233688
0 0.7665770609318996 0.20864946889226102 0.013440860215053764 0.03186646433990895
0 0.7764336917562724 0.21699544764795145 0.013440860215053764 0.027314112291350532
0 0.775089605734767 0.2465857359635812 0.016129032258064516 0.025796661608497723
0 0.7728494623655914 0.27162367223065254 0.017025089605734768 0.036418816388467376
0 0.9605734767025089 0.4734446130500759 0.017921146953405017 0.024279210925644917
0 0.9726702508960573 0.5417298937784523 0.015232974910394265 0.024279210925644917
0 0.9914874551971327 0.5280728376327769 0.017025089605734768 0.027314112291350532
0 0.9547491039426523 0.5872534142640364 0.017025089605734768 0.027314112291350532
0 0.989247311827957 0.5978755690440061 0.014336917562724014 0.027314112291350532
0 0.978494623655914 0.6547799696509864 0.016129032258064516 0.025796661608497723
0 0.9605734767025089 0.7040971168437026 0.012544802867383513 0.030349013657056147
0 0.9771505376344086 0.7033383915022762 0.015232974910394265 0.025796661608497723
0 0.9865591397849462 0.8323216995447649 0.016129032258064516 0.02883156297420334
