0 0.6757662835249042 0.06557377049180328 0.02969348659003831 0.034972677595628415
0 0.6853448275862069 0.11202185792349727 0.02969348659003831 0.03825136612021858
0 0.5636973180076628 0.28469945355191256 0.04118773946360153 0.046994535519125684
0 0.5694444444444444 0.3273224043715847 0.045019157088122604 0.04262295081967213
0 0.5747126436781609 0.3699453551912568 0.04597701149425287 0.046994535519125684
0 0.5871647509578544 0.48579234972677593 0.05172413793103448 0.06229508196721312
0 0.643199233716475 0.4814207650273224 0.05076628352490421 0.05792349726775956
0 0.6939655172413792 0.47759562841530057 0.04693486590038314 0.05901639344262295
0 0.8888888888888888 0.46174863387978143 0.04980842911877394 0.04918032786885246
0 0.3309386973180076 0.6349726775956284 0.05459770114942528 0.07431693989071038
0 0.2586206896551724 0.6721311475409836 0.05938697318007662 0.07650273224043716
0 0.1968390804597701 0.7169398907103826 0.07183908045977011 0.09398907103825137
0 0.11206896551724137 0.7601092896174864 0.047892720306513405 0.05573770491803279
0 0.610632183908046 0.833879781420765 0.05076628352490421 0.07213114754098361
