0 0.28031716417910446 0.48415300546448087 0.06436567164179105 0.07650273224043716
0 0.3106343283582089 0.6251366120218579 0.054104477611940295 0.07431693989071038
0 0.3712686567164179 0.5989071038251366 0.061567164179104475 0.06120218579234973
0 0.4906716417910448 0.4005464480874317 0.06529850746268656 0.07103825136612021
0 0.4925373134328358 0.4961748633879781 0.041044776119402986 0.05245901639344262
0 0.6469216417910447 0.4131147540983607 0.0457089552238806 0.05245901639344262
0 0.6371268656716418 0.32131147540983607 0.05223880597014925 0.05245901639344262
0 0.6543843283582089 0.33989071038251367 0.01958955223880597 0.02185792349726776
0 0.6613805970149254 0.35956284153005463 0.033582089552238806 0.03715846994535519
0 0.6944962686567164 0.36830601092896176 0.07182835820895522 0.06557377049180328
