0 0.7725095785440612 0.05136612021857923 0.05459770114942528 0.05683060109289617
0 0.7126436781609196 0.11038251366120219 0.0632183908045977 0.0546448087431694
0 0.5402298850574713 0.19672131147540983 0.05172413793103448 0.05901639344262295
0 0.5119731800766283 0.13934426229508196 0.06800766283524903 0.04918032786885246
0 0.47126436781609193 0.059562841530054644 0.05747126436781609 0.046994535519125684
0 0.43534482758620685 0.20218579234972678 0.05459770114942528 0.04371584699453552
0 0.28975095785440613 0.11530054644808743 0.05459770114942528 0.053551912568306013
0 0.2681992337164751 0.18415300546448088 0.06896551724137931 0.053551912568306013
0 0.09530651340996169 0.1989071038251366 0.06226053639846743 0.06120218579234973
0 0.30938697318007663 0.260655737704918 0.1053639846743295 0.08196721311475409
0 0.14559386973180075 0.373224043715847 0.06513409961685823 0.05573770491803279
0 0.09818007662835249 0.5655737704918032 0.07567049808429119 0.07540983606557378
0 0.2514367816091954 0.5743169398907104 0.10632183908045977 0.11256830601092896
0 0.35201149425287354 0.5300546448087432 0.06609195402298851 0.07431693989071038
0 0.4650383141762452 0.4852459016393443 0.06609195402298851 0.07213114754098361
0 0.6795977011494253 0.3830601092896175 0.09482758620689655 0.10163934426229508
0 0.4554597701149425 0.7989071038251366 0.11206896551724137 0.1355191256830601
0 0.6992337164750958 0.6846994535519125 0.11494252873563218 0.16065573770491803
0 0.8333333333333333 0.6032786885245902 0.09770114942528735 0.13114754098360656
0 0.9358237547892719 0.5519125683060109 0.1053639846743295 0.1180327868852459
