0 0.05459770114942528 0.36830601092896176 0.053639846743295014 0.05245901639344262
0 0.05220306513409961 0.4530054644808743 0.023946360153256702 0.022950819672131147
0 0.31273946360153254 0.41147540983606556 0.020114942528735632 0.025136612021857924
0 0.33477011494252873 0.41202185792349727 0.02586206896551724 0.02622950819672131
0 0.3587164750957854 0.4240437158469945 0.02586206896551724 0.030601092896174863
0 0.3433908045977011 0.3950819672131147 0.02586206896551724 0.029508196721311476
0 0.367816091954023 0.4054644808743169 0.026819923371647507 0.02622950819672131
0 0.27346743295019155 0.5103825136612021 0.02969348659003831 0.034972677595628415
0 0.335727969348659 0.5644808743169399 0.05459770114942528 0.07978142076502732
0 0.23563218390804597 0.7415300546448087 0.038314176245210725 0.06229508196721312
0 0.4281609195402299 0.6213114754098361 0.06513409961685823 0.09289617486338798
0 0.4683908045977011 0.5437158469945356 0.040229885057471264 0.03825136612021858
0 0.611111111111111 0.4825136612021858 0.05938697318007662 0.053551912568306013
0 0.5972222222222222 0.5398907103825137 0.05842911877394636 0.0633879781420765
0 0.7509578544061303 0.4743169398907104 0.05747126436781609 0.048087431693989074
0 0.736111111111111 0.5207650273224044 0.05842911877394636 0.05573770491803279
0 0.7207854406130267 0.5726775956284152 0.05842911877394636 0.07213114754098361
0 0.8299808429118773 0.6459016393442623 0.05268199233716475 0.05245901639344262
0 0.8012452107279693 0.725136612021858 0.07567049808429119 0.0994535519125683
0 0.835727969348659 0.8158469945355191 0.048850574712643674 0.06448087431693988
