0 0.07706093189964158 0.8945371775417299 0.04659498207885305 0.07132018209408195
0 0.12589605734767026 0.7261001517450683 0.036738351254480286 0.04704097116843703
0 0.3951612903225806 0.7321699544764796 0.0985663082437276 0.13201820940819423
0 0.39157706093189965 0.5652503793626708 0.0931899641577061 0.13505311077389986
0 0.3839605734767025 0.40364188163884673 0.09408602150537634 0.13657056145675267
0 0.3803763440860215 0.23596358118361155 0.09587813620071685 0.13201820940819423
0 0.6612903225806451 0.6904400606980273 0.06093189964157706 0.1244309559939302
0 0.668010752688172 0.8285280728376329 0.047491039426523295 0.08801213960546282
0 0.7540322580645161 0.8239757207890743 0.0492831541218638 0.07587253414264036
0 0.746415770609319 0.6896813353566009 0.044802867383512544 0.07132018209408195
0 0.7222222222222222 0.2890743550834598 0.04121863799283154 0.07435508345978756
0 0.6702508960573477 0.08725341426403642 0.02867383512544803 0.04704097116843703
0 0.6693548387096774 0.022761760242792112 0.03225806451612903 0.03945371775417299
0 0.7119175627240143 0.06525037936267071 0.04032258064516129 0.06069802731411229
0 0.7508960573476703 0.06752655538694993 0.03225806451612903 0.04704097116843703
0 0.7486559139784946 0.022761760242792112 0.03494623655913978 0.036418816388467376
