0 0.7729885057471264 0.0453551912568306 0.040229885057471264 0.04262295081967213
0 0.8845785440613027 0.15792349726775956 0.048850574712643674 0.03825136612021858
0 0.7432950191570881 0.1644808743169399 0.038314176245210725 0.033879781420765025
0 0.550287356321839 0.1355191256830601 0.02586206896551724 0.02622950819672131
0 0.6283524904214559 0.17158469945355193 0.032567049808429116 0.03278688524590164
0 0.668103448275862 0.18688524590163935 0.043103448275862065 0.039344262295081964
0 0.7097701149425287 0.20928961748633879 0.040229885057471264 0.04262295081967213
0 0.5780651340996168 0.2814207650273224 0.07375478927203065 0.05573770491803279
0 0.7907088122605364 0.37103825136612023 0.05842911877394636 0.05136612021857923
0 0.7337164750957854 0.4726775956284153 0.0632183908045977 0.046994535519125684
0 0.707375478927203 0.5153005464480874 0.05842911877394636 0.05136612021857923
0 0.685823754789272 0.5644808743169399 0.06704980842911877 0.05136612021857923
0 0.6556513409961685 0.6136612021857923 0.039272030651340994 0.0273224043715847
0 0.403735632183908 0.5316939890710383 0.07183908045977011 0.073224043715847
0 0.33620689655172414 0.6366120218579235 0.09195402298850575 0.09726775956284153
0 0.26053639846743293 0.7513661202185792 0.10727969348659003 0.11693989071038251
0 0.23371647509578544 0.8202185792349727 0.05172413793103448 0.060109289617486336
0 0.1743295019157088 0.8841530054644808 0.11685823754789272 0.12896174863387977
