0 0.6154214559386972 0.03989071038251366 0.07567049808429119 0.06448087431693988
0 0.6264367816091954 0.09016393442622951 0.05172413793103448 0.036065573770491806
0 0.6226053639846743 0.1273224043715847 0.05555555555555555 0.036065573770491806
0 0.6886973180076628 0.20327868852459016 0.04597701149425287 0.03715846994535519
0 0.7193486590038314 0.23934426229508196 0.05555555555555555 0.039344262295081964
0 0.7907088122605364 0.23169398907103825 0.045019157088122604 0.041530054644808745
0 0.6958812260536398 0.26557377049180325 0.048850574712643674 0.039344262295081964
0 0.6695402298850575 0.3005464480874317 0.044061302681992334 0.05245901639344262
0 0.524904214559387 0.3251366120218579 0.06130268199233716 0.04480874316939891
0 0.617816091954023 0.40327868852459015 0.05938697318007662 0.05683060109289617
0 0.49808429118773945 0.5688524590163935 0.047892720306513405 0.04918032786885246
0 0.39703065134099613 0.6792349726775956 0.05651340996168582 0.05792349726775956
0 0.28160919540229884 0.8224043715846995 0.05555555555555555 0.06885245901639345
