0 0.17204301075268819 0.08573596358118361 0.026881720430107527 0.05007587253414264
0 0.1868279569892473 0.1411229135053111 0.0492831541218638 0.07283763277693475
0 0.1881720430107527 0.20713201820940821 0.034050179211469536 0.0622154779969651
0 0.2410394265232975 0.5106221547799696 0.04121863799283154 0.07435508345978756
0 0.25582437275985664 0.5470409711684371 0.03136200716845878 0.05918057663125949
0 0.26433691756272404 0.736722306525038 0.04659498207885305 0.07738998482549317
0 0.2907706093189964 0.723823975720789 0.027777777777777776 0.05766312594840668
0 0.4224910394265233 0.8338391502276177 0.027777777777777776 0.06828528072837634
0 0.4914874551971326 0.82701062215478 0.024193548387096774 0.054628224582701064
0 0.4879032258064516 0.7655538694992413 0.025985663082437275 0.05918057663125949
0 0.482078853046595 0.7018209408194234 0.02867383512544803 0.0622154779969651
0 0.4775985663082437 0.6562974203338392 0.02867383512544803 0.0622154779969651
0 0.4368279569892473 0.4688922610015175 0.06182795698924731 0.10015174506828528
0 0.36872759856630827 0.38543247344461307 0.04390681003584229 0.0819423368740516
0 0.43234767025089604 0.3596358118361153 0.04390681003584229 0.07587253414264036
0 0.34946236559139787 0.1411229135053111 0.03942652329749104 0.06980273141122914
0 0.3875448028673835 0.12215477996965099 0.03853046594982079 0.04704097116843703
0 0.43010752688172044 0.11456752655538695 0.034050179211469536 0.05007587253414264
0 0.4628136200716846 0.10546282245827011 0.03136200716845878 0.05007587253414264
0 0.5076164874551972 0.08725341426403642 0.036738351254480286 0.05007587253414264
0 0.6375448028673835 0.20713201820940821 0.027777777777777776 0.05311077389984826
0 0.7204301075268817 0.1851289833080425 0.026881720430107527 0.054628224582701064
0 0.7347670250896058 0.23292867981790594 0.025089605734767026 0.05007587253414264
0 0.8001792114695341 0.165402124430956 0.025089605734767026 0.06980273141122914
0 0.8118279569892473 0.21699544764795145 0.026881720430107527 0.054628224582701064
0 0.839605734767025 0.3687405159332322 0.034050179211469536 0.06069802731411229
0 0.8449820788530465 0.4286798179059181 0.02867383512544803 0.04704097116843703
0 0.8539426523297491 0.4779969650986343 0.02867383512544803 0.06069802731411229
0 0.8418458781362007 0.6570561456752656 0.03136200716845878 0.05766312594840668
0 0.8754480286738351 0.6707132018209409 0.03046594982078853 0.045523520485584223
