0 0.3122605363984674 0.760655737704918 0.07088122605363985 0.07213114754098361
0 0.34913793103448276 0.6841530054644809 0.037356321839080456 0.03715846994535519
0 0.39415708812260536 0.5907103825136611 0.06992337164750957 0.060109289617486336
0 0.42289272030651337 0.5295081967213114 0.05076628352490421 0.04262295081967213
0 0.5062260536398467 0.35737704918032787 0.05076628352490421 0.04590163934426229
0 0.5761494252873562 0.21693989071038253 0.05459770114942528 0.040437158469945354
0 0.5981800766283525 0.17431693989071037 0.05651340996168582 0.03825136612021858
0 0.6168582375478927 0.1366120218579235 0.04980842911877394 0.03715846994535519
0 0.636015325670498 0.09890710382513661 0.05172413793103448 0.033879781420765025
0 0.943007662835249 0.03825136612021858 0.045019157088122604 0.03715846994535519
