0 0.31561302681992337 0.2939890710382514 0.04118773946360153 0.03715846994535519
0 0.35584291187739464 0.2677595628415301 0.04118773946360153 0.034972677595628415
0 0.5790229885057471 0.24808743169398906 0.043103448275862065 0.03715846994535519
0 0.5311302681992337 0.28852459016393445 0.043103448275862065 0.039344262295081964
0 0.47174329501915707 0.33060109289617484 0.045019157088122604 0.04918032786885246
0 0.41379310344827586 0.3699453551912568 0.04980842911877394 0.046994535519125684
0 0.3563218390804598 0.4202185792349727 0.05172413793103448 0.05136612021857923
0 0.29549808429118773 0.4743169398907104 0.05651340996168582 0.05245901639344262
0 0.2207854406130268 0.533879781420765 0.06034482758620689 0.053551912568306013
0 0.7514367816091954 0.2180327868852459 0.037356321839080456 0.03825136612021858
0 0.6930076628352491 0.2978142076502732 0.037356321839080456 0.03825136612021858
0 0.6451149425287356 0.3442622950819672 0.039272030651340994 0.041530054644808745
0 0.5938697318007663 0.3983606557377049 0.042145593869731796 0.040437158469945354
0 0.4880268199233716 0.492896174863388 0.05268199233716475 0.0546448087431694
0 0.41954022988505746 0.566120218579235 0.05938697318007662 0.05683060109289617
0 0.3496168582375479 0.6234972677595628 0.05938697318007662 0.06229508196721312
0 0.7816091954022988 0.3371584699453552 0.026819923371647507 0.0273224043715847
0 0.7523946360153256 0.4163934426229508 0.027777777777777776 0.03278688524590164
0 0.49808429118773945 0.7737704918032787 0.047892720306513405 0.05683060109289617
0 0.4674329501915709 0.826775956284153 0.06130268199233716 0.07540983606557378
