0 0.2994402985074627 0.9136612021857924 0.061567164179104475 0.06994535519125683
0 0.3069029850746269 0.8021857923497268 0.05970149253731343 0.06120218579234973
0 0.3087686567164179 0.7010928961748634 0.05783582089552239 0.05573770491803279
0 0.32882462686567165 0.5967213114754099 0.08488805970149253 0.08743169398907104
0 0.34375 0.4349726775956284 0.09048507462686567 0.08743169398907104
0 0.34794776119402987 0.3546448087431694 0.08208955223880597 0.06885245901639345
0 0.5261194029850746 0.35081967213114756 0.04291044776119403 0.04371584699453552
0 0.5261194029850746 0.566120218579235 0.05223880597014925 0.048087431693989074
0 0.5340485074626865 0.8098360655737705 0.05317164179104478 0.07213114754098361
0 0.38199626865671643 0.20601092896174864 0.05876865671641791 0.04918032786885246
0 0.48134328358208955 0.1912568306010929 0.06902985074626866 0.06557377049180328
0 0.5531716417910447 0.17650273224043717 0.04291044776119403 0.04262295081967213
0 0.6259328358208955 0.16721311475409836 0.03917910447761194 0.04371584699453552
0 0.34794776119402987 0.08852459016393442 0.029850746268656716 0.034972677595628415
0 0.40625 0.08852459016393442 0.06063432835820896 0.06557377049180328
0 0.4822761194029851 0.073224043715847 0.07649253731343283 0.0633879781420765
0 0.3582089552238806 0.023497267759562842 0.03731343283582089 0.040437158469945354
