0 0.41570881226053635 0.32131147540983607 0.01532567049808429 0.019672131147540982
0 0.38840996168582376 0.380327868852459 0.05459770114942528 0.04590163934426229
0 0.4990421455938697 0.33934426229508197 0.04597701149425287 0.040437158469945354
0 0.4741379310344827 0.49836065573770494 0.017241379310344827 0.024043715846994537
0 0.4707854406130268 0.5387978142076503 0.022030651340996167 0.028415300546448086
0 0.4693486590038314 0.7174863387978142 0.034482758620689655 0.053551912568306013
0 0.4592911877394636 0.8426229508196721 0.037356321839080456 0.05245901639344262
0 0.5043103448275862 0.03825136612021858 0.04693486590038314 0.04590163934426229
0 0.5004789272030651 0.07595628415300547 0.048850574712643674 0.046994535519125684
0 0.4976053639846743 0.12185792349726776 0.04693486590038314 0.05136612021857923
