0 0.06417624521072797 0.0366120218579235 0.07088122605363985 0.06666666666666667
0 0.036877394636015325 0.12459016393442623 0.06800766283524903 0.07213114754098361
0 0.022030651340996167 0.22459016393442624 0.044061302681992334 0.07103825136612021
0 0.1111111111111111 0.23333333333333334 0.07279693486590037 0.08633879781420765
0 0.023946360153256702 0.6322404371584699 0.042145593869731796 0.08196721311475409
0 0.10488505747126436 0.7497267759562841 0.08333333333333333 0.08961748633879782
0 0.12356321839080459 0.6344262295081967 0.09386973180076628 0.0994535519125683
0 0.14655172413793102 0.5289617486338798 0.08812260536398467 0.09180327868852459
0 0.16570881226053638 0.43005464480874317 0.09961685823754789 0.09508196721311475
0 0.1925287356321839 0.33278688524590166 0.08812260536398467 0.08852459016393442
0 0.2150383141762452 0.22131147540983606 0.08908045977011494 0.07540983606557378
0 0.23946360153256704 0.1185792349726776 0.07854406130268199 0.07103825136612021
0 0.41570881226053635 0.03825136612021858 0.08429118773946359 0.06557377049180328
0 0.40421455938697315 0.1185792349726776 0.08620689655172413 0.07103825136612021
0 0.39176245210727967 0.2185792349726776 0.09003831417624521 0.07650273224043716
0 0.37643678160919536 0.3185792349726776 0.07088122605363985 0.07103825136612021
0 0.3668582375478927 0.43387978142076505 0.09578544061302681 0.09180327868852459
0 0.3596743295019157 0.5442622950819672 0.09482758620689655 0.09836065573770492
0 0.34195402298850575 0.653551912568306 0.09578544061302681 0.10710382513661203
0 0.3261494252873563 0.7699453551912568 0.0871647509578544 0.09508196721311475
0 0.6211685823754789 0.6295081967213114 0.10057471264367815 0.10273224043715846
0 0.6101532567049808 0.16557377049180327 0.09003831417624521 0.073224043715847
0 0.6144636015325671 0.24262295081967214 0.08524904214559387 0.07650273224043716
0 0.7782567049808429 0.15136612021857923 0.09482758620689655 0.09289617486338798
0 0.7916666666666666 0.24808743169398906 0.09482758620689655 0.1005464480874317
0 0.8275862068965517 0.6814207650273224 0.08812260536398467 0.10819672131147541
0 0.7231800766283525 0.8377049180327869 0.10919540229885057 0.14972677595628414
0 0.8414750957854406 0.8459016393442623 0.11206896551724137 0.14426229508196722
