0 0.685823754789272 0.07868852459016393 0.047892720306513405 0.04590163934426229
0 0.6024904214559387 0.1 0.038314176245210725 0.036065573770491806
0 0.3122605363984674 0.19562841530054645 0.042145593869731796 0.034972677595628415
0 0.29022988505747127 0.22240437158469945 0.04597701149425287 0.036065573770491806
0 0.2686781609195402 0.24863387978142076 0.037356321839080456 0.022950819672131147
0 0.34913793103448276 0.30327868852459017 0.03160919540229885 0.029508196721311476
0 0.41139846743295017 0.33989071038251367 0.05842911877394636 0.04371584699453552
0 0.47844827586206895 0.38961748633879784 0.043103448275862065 0.036065573770491806
0 0.3448275862068965 0.4994535519125683 0.034482758620689655 0.03278688524590164
0 0.2935823754789272 0.5989071038251366 0.039272030651340994 0.028415300546448086
0 0.21743295019157086 0.6098360655737705 0.03065134099616858 0.03278688524590164
0 0.1613984674329502 0.7453551912568306 0.02969348659003831 0.03278688524590164
0 0.171455938697318 0.7672131147540984 0.032567049808429116 0.039344262295081964
0 0.1772030651340996 0.805464480874317 0.032567049808429116 0.041530054644808745
0 0.1278735632183908 0.8693989071038252 0.03160919540229885 0.03825136612021858
0 0.08812260536398467 0.9174863387978142 0.038314176245210725 0.04262295081967213
0 0.04597701149425287 0.9584699453551913 0.040229885057471264 0.04590163934426229
0 0.3625478927203065 0.9502732240437158 0.04693486590038314 0.04918032786885246
0 0.39415708812260536 0.9218579234972678 0.04118773946360153 0.03825136612021858
0 0.40277777777777773 0.885792349726776 0.039272030651340994 0.04480874316939891
0 0.4257662835249042 0.8453551912568306 0.039272030651340994 0.04918032786885246
0 0.48563218390804597 0.8874316939890711 0.05172413793103448 0.05683060109289617
0 0.5593869731800766 0.9754098360655737 0.032567049808429116 0.04262295081967213
0 0.5818965517241379 0.9382513661202185 0.043103448275862065 0.060109289617486336
0 0.6082375478927202 0.8907103825136612 0.036398467432950186 0.04371584699453552
0 0.6245210727969348 0.8486338797814208 0.040229885057471264 0.04918032786885246
0 0.6398467432950191 0.773224043715847 0.032567049808429116 0.04918032786885246
0 0.6772030651340996 0.7612021857923498 0.038314176245210725 0.04480874316939891
0 0.6920498084291188 0.7043715846994536 0.043103448275862065 0.04262295081967213
0 0.7270114942528735 0.6704918032786885 0.05172413793103448 0.06885245901639345
0 0.7519157088122606 0.6087431693989072 0.047892720306513405 0.04371584699453552
0 0.7734674329501915 0.5754098360655737 0.045019157088122604 0.04262295081967213
0 0.649904214559387 0.5612021857923497 0.035440613026819924 0.03825136612021858
0 0.671455938697318 0.5224043715846994 0.042145593869731796 0.039344262295081964
0 0.6867816091954022 0.4961748633879781 0.034482758620689655 0.02622950819672131
0 0.83955938697318 0.3076502732240437 0.02969348659003831 0.029508196721311476
0 0.8505747126436781 0.29562841530054645 0.028735632183908046 0.0273224043715847
0 0.8481800766283525 0.2786885245901639 0.023946360153256702 0.02622950819672131
0 0.8596743295019157 0.26939890710382514 0.02969348659003831 0.025136612021857924
0 0.3759578544061303 0.23825136612021858 0.043103448275862065 0.030601092896174863
0 0.410919540229885 0.9814207650273225 0.04597701149425287 0.03278688524590164
0 0.016283524904214558 0.9912568306010929 0.03065134099616858 0.019672131147540982
