0 0.8438697318007662 0.73224043715847 0.032567049808429116 0.04590163934426229
0 0.7088122605363985 0.6841530054644809 0.07279693486590037 0.07431693989071038
0 0.5723180076628352 0.5136612021857924 0.045019157088122604 0.04371584699453552
0 0.5349616858237548 0.42568306010928963 0.05842911877394636 0.06229508196721312
0 0.6336206896551724 0.3628415300546448 0.048850574712643674 0.048087431693989074
0 0.6700191570881225 0.4180327868852459 0.05651340996168582 0.06229508196721312
0 0.5737547892720306 0.5136612021857924 0.047892720306513405 0.048087431693989074
0 0.47126436781609193 0.5038251366120219 0.034482758620689655 0.034972677595628415
0 0.34051724137931033 0.41530054644808745 0.03160919540229885 0.034972677595628415
0 0.28639846743295017 0.3726775956284153 0.026819923371647507 0.030601092896174863
0 0.27490421455938696 0.34316939890710385 0.042145593869731796 0.024043715846994537
