0 0.5746268656716418 0.7770491803278688 0.07835820895522388 0.09836065573770492
0 0.5755597014925373 0.6409836065573771 0.08022388059701492 0.08196721311475409
0 0.6968283582089552 0.6743169398907104 0.05037313432835821 0.048087431693989074
0 0.7024253731343283 0.5890710382513661 0.03917910447761194 0.05027322404371585
0 0.7555970149253731 0.526775956284153 0.055970149253731345 0.05027322404371585
0 0.3087686567164179 0.5743169398907104 0.07276119402985075 0.08415300546448087
0 0.3003731343283582 0.4819672131147541 0.06716417910447761 0.06557377049180328
0 0.28777985074626866 0.37540983606557377 0.041977611940298504 0.04918032786885246
0 0.3619402985074627 0.3551912568306011 0.061567164179104475 0.05901639344262295
0 0.49906716417910446 0.19453551912568307 0.05970149253731343 0.05901639344262295
0 0.42304104477611937 0.13005464480874318 0.05876865671641791 0.06994535519125683
