0 0.603927203065134 0.8098360655737705 0.06226053639846743 0.05245901639344262
0 0.5684865900383141 0.753551912568306 0.048850574712643674 0.05573770491803279
0 0.524904214559387 0.6513661202185792 0.053639846743295014 0.0546448087431694
0 0.48994252873563215 0.6076502732240437 0.043103448275862065 0.039344262295081964
0 0.6182950191570881 0.5765027322404371 0.02969348659003831 0.029508196721311476
0 0.6369731800766283 0.607103825136612 0.02490421455938697 0.03169398907103825
0 0.6733716475095786 0.6715846994535519 0.022988505747126436 0.036065573770491806
0 0.6920498084291188 0.7038251366120218 0.03160919540229885 0.034972677595628415
0 0.7212643678160919 0.7387978142076502 0.028735632183908046 0.03278688524590164
0 0.821360153256705 0.5846994535519126 0.05459770114942528 0.05245901639344262
0 0.778735632183908 0.5453551912568306 0.028735632183908046 0.03278688524590164
0 0.7504789272030651 0.5 0.04118773946360153 0.04918032786885246
0 0.7159961685823755 0.4628415300546448 0.02969348659003831 0.03169398907103825
0 0.8103448275862069 0.40382513661202185 0.04597701149425287 0.04480874316939891
0 0.7720306513409961 0.3540983606557377 0.04980842911877394 0.039344262295081964
0 0.7490421455938697 0.32349726775956283 0.026819923371647507 0.028415300546448086
0 0.6561302681992337 0.2830601092896175 0.022988505747126436 0.02622950819672131
0 0.5296934865900382 0.43169398907103823 0.028735632183908046 0.028415300546448086
0 0.5124521072796935 0.4065573770491803 0.022988505747126436 0.02622950819672131
0 0.49712643678160917 0.387431693989071 0.028735632183908046 0.025136612021857924
0 0.4832375478927203 0.36120218579234975 0.035440613026819924 0.03169398907103825
0 0.40277777777777773 0.4530054644808743 0.033524904214559385 0.03825136612021858
0 0.4281609195402299 0.4901639344262295 0.04597701149425287 0.04262295081967213
0 0.2686781609195402 0.2743169398907104 0.07183908045977011 0.05683060109289617
0 0.25 0.21693989071038253 0.08045977011494253 0.05136612021857923
0 0.21695402298850575 0.1808743169398907 0.043103448275862065 0.033879781420765025
0 0.20162835249042144 0.13005464480874318 0.06992337164750957 0.048087431693989074
0 0.1810344827586207 0.08469945355191257 0.06896551724137931 0.04918032786885246
0 0.37308429118773945 0.11092896174863388 0.06034482758620689 0.04918032786885246
0 0.33812260536398464 0.07759562841530054 0.038314176245210725 0.028415300546448086
0 0.32088122605363983 0.0546448087431694 0.038314176245210725 0.024043715846994537
0 0.3218390804597701 0.01366120218579235 0.034482758620689655 0.025136612021857924
