0 0.5565134099616857 0.2644808743169399 0.05938697318007662 0.05683060109289617
0 0.6168582375478927 0.25573770491803277 0.05555555555555555 0.05245901639344262
0 0.46312260536398464 0.37759562841530053 0.06800766283524903 0.07978142076502732
0 0.585727969348659 0.387431693989071 0.06609195402298851 0.07759562841530054
0 0.6470306513409961 0.37759562841530053 0.05842911877394636 0.07978142076502732
0 0.7155172413793103 0.37158469945355194 0.0632183908045977 0.07213114754098361
0 0.7763409961685823 0.3693989071038251 0.06992337164750957 0.08087431693989071
0 0.9382183908045977 0.4551912568306011 0.06034482758620689 0.07540983606557378
0 0.6484674329501915 0.6131147540983607 0.07662835249042145 0.07868852459016393
0 0.29022988505747127 0.40327868852459015 0.05747126436781609 0.07213114754098361
0 0.34770114942528735 0.3989071038251366 0.05172413793103448 0.07650273224043716
0 0.318007662835249 0.4989071038251366 0.044061302681992334 0.05792349726775956
0 0.32088122605363983 0.5759562841530055 0.044061302681992334 0.06120218579234973
0 0.39415708812260536 0.566120218579235 0.04118773946360153 0.05683060109289617
0 0.07040229885057471 0.43169398907103823 0.07758620689655173 0.07650273224043716
0 0.12452107279693486 0.42513661202185793 0.05172413793103448 0.06994535519125683
0 0.1810344827586207 0.4191256830601093 0.05747126436781609 0.07540983606557378
0 0.051245210727969344 0.5169398907103825 0.07183908045977011 0.08306010928961749
0 0.1446360153256705 0.5907103825136611 0.0632183908045977 0.09289617486338798
0 0.1422413793103448 0.6808743169398908 0.06609195402298851 0.09398907103825137
