0 0.10488505747126436 0.2836065573770492 0.045019157088122604 0.04480874316939891
0 0.19731800766283525 0.28797814207650274 0.04597701149425287 0.04480874316939891
0 0.46695402298850575 0.29617486338797816 0.043103448275862065 0.0546448087431694
0 0.5225095785440613 0.2967213114754098 0.048850574712643674 0.05792349726775956
0 0.585727969348659 0.4131147540983607 0.043103448275862065 0.05027322404371585
0 0.7164750957854406 0.333879781420765 0.038314176245210725 0.04262295081967213
0 0.793103448275862 0.22568306010928962 0.07662835249042145 0.06229508196721312
0 0.7078544061302682 0.4453551912568306 0.047892720306513405 0.046994535519125684
0 0.7701149425287356 0.5032786885245901 0.047892720306513405 0.053551912568306013
0 0.8247126436781609 0.4743169398907104 0.06704980842911877 0.08087431693989071
0 0.9066091954022988 0.6229508196721312 0.06034482758620689 0.0633879781420765
