0 0.5474910394265233 0.40591805766312594 0.06810035842293907 0.09863429438543247
0 0.5165770609318996 0.5068285280728376 0.07258064516129033 0.11229135053110774
0 0.346326164874552 0.44764795144157815 0.02060931899641577 0.03945371775417299
0 0.33915770609318996 0.38619119878603947 0.033154121863799284 0.04704097116843703
0 0.32123655913978494 0.3148710166919575 0.027777777777777776 0.03490136570561457
0 0.3140681003584229 0.3497723823975721 0.027777777777777776 0.03490136570561457
0 0.30510752688172044 0.3937784522003035 0.03494623655913978 0.04400606980273141
0 0.2925627240143369 0.44992412746585736 0.025985663082437275 0.04400606980273141
0 0.2728494623655914 0.5 0.024193548387096774 0.03793626707132018
0 0.25985663082437277 0.5531107738998483 0.03046594982078853 0.05007587253414264
0 0.23700716845878136 0.2549317147192716 0.01881720430107527 0.042488619119878605
0 0.2782258064516129 0.08725341426403642 0.03136200716845878 0.05614567526555387
0 0.18055555555555555 0.2503793626707132 0.017025089605734768 0.033383915022761765
0 0.1742831541218638 0.27617602427921095 0.01881720430107527 0.024279210925644917
0 0.16621863799283154 0.30424886191198786 0.022401433691756272 0.03186646433990895
0 0.15232974910394265 0.33839150227617604 0.021505376344086023 0.036418816388467376
0 0.14516129032258066 0.3732928679817906 0.023297491039426525 0.03945371775417299
0 0.1003584229390681 0.3998482549317147 0.021505376344086023 0.0409711684370258
0 0.05824372759856631 0.41578148710166923 0.023297491039426525 0.030349013657056147
0 0.08064516129032258 0.3687405159332322 0.017921146953405017 0.024279210925644917
0 0.08960573476702509 0.34066767830045525 0.021505376344086023 0.03186646433990895
0 0.10215053763440861 0.3125948406676783 0.023297491039426525 0.036418816388467376
0 0.029121863799283155 0.3528072837632777 0.02060931899641577 0.04400606980273141
0 0.008512544802867384 0.3732928679817906 0.013440860215053764 0.033383915022761765
