0 0.07567049808429119 0.1273224043715847 0.08620689655172413 0.06885245901639345
0 0.38601532567049807 0.22896174863387977 0.04597701149425287 0.04262295081967213
0 0.37739463601532564 0.30983606557377047 0.05172413793103448 0.04918032786885246
0 0.5019157088122606 0.29562841530054645 0.09961685823754789 0.0907103825136612
0 0.4961685823754789 0.4918032786885246 0.11685823754789272 0.11147540983606558
0 0.6091954022988505 0.21584699453551912 0.05172413793103448 0.05573770491803279
0 0.6168582375478927 0.505464480874317 0.05938697318007662 0.073224043715847
0 0.725095785440613 0.0726775956284153 0.09770114942528735 0.06448087431693988
0 0.7241379310344828 0.153551912568306 0.07471264367816091 0.05573770491803279
0 0.736111111111111 0.22404371584699453 0.06417624521072797 0.05245901639344262
0 0.75 0.31366120218579235 0.0632183908045977 0.05027322404371585
0 0.7562260536398467 0.4131147540983607 0.07950191570881225 0.05901639344262295
0 0.721743295019157 0.6672131147540984 0.06417624521072797 0.08196721311475409
0 0.7327586206896551 0.8530054644808743 0.07471264367816091 0.11256830601092896
0 0.8122605363984674 0.8584699453551913 0.07279693486590037 0.11475409836065574
0 0.8936781609195402 0.8579234972677595 0.07471264367816091 0.10710382513661203
