0 0.25526819923371646 0.8836065573770492 0.037356321839080456 0.04262295081967213
0 0.282088122605364 0.9185792349726776 0.033524904214559385 0.046994535519125684
0 0.3007662835249042 0.9530054644808743 0.038314176245210725 0.048087431693989074
0 0.4051724137931034 0.6278688524590164 0.05172413793103448 0.05573770491803279
0 0.5689655172413792 0.45027322404371584 0.040229885057471264 0.03278688524590164
0 0.5871647509578544 0.3907103825136612 0.09195402298850575 0.08415300546448087
0 0.7399425287356322 0.37759562841530053 0.043103448275862065 0.03825136612021858
0 0.7423371647509578 0.3437158469945355 0.034482758620689655 0.036065573770491806
0 0.6700191570881225 0.33169398907103825 0.039272030651340994 0.0273224043715847
0 0.6877394636015325 0.3038251366120219 0.034482758620689655 0.034972677595628415
0 0.649904214559387 0.2830601092896175 0.039272030651340994 0.03278688524590164
0 0.6685823754789272 0.26721311475409837 0.032567049808429116 0.022950819672131147
0 0.6743295019157087 0.24754098360655738 0.03065134099616858 0.022950819672131147
0 0.6843869731800766 0.22513661202185792 0.035440613026819924 0.028415300546448086
0 0.7346743295019157 0.2448087431693989 0.036398467432950186 0.030601092896174863
0 0.7978927203065134 0.2896174863387978 0.02490421455938697 0.03278688524590164
0 0.8098659003831418 0.26885245901639343 0.03160919540229885 0.03278688524590164
0 0.8261494252873562 0.24754098360655738 0.03160919540229885 0.029508196721311476
0 0.8381226053639846 0.22240437158469945 0.032567049808429116 0.029508196721311476
0 0.8448275862068965 0.1819672131147541 0.034482758620689655 0.029508196721311476
0 0.8697318007662834 0.173224043715847 0.03065134099616858 0.022950819672131147
0 0.8754789272030651 0.14426229508196722 0.032567049808429116 0.02622950819672131
0 0.9042145593869731 0.12185792349726776 0.038314176245210725 0.040437158469945354
0 0.9166666666666666 0.09016393442622951 0.034482758620689655 0.029508196721311476
0 0.9329501915708812 0.07103825136612021 0.038314176245210725 0.028415300546448086
0 0.8371647509578544 0.06284153005464481 0.034482758620689655 0.025136612021857924
0 0.8481800766283525 0.041530054644808745 0.035440613026819924 0.028415300546448086
0 0.861111111111111 0.023497267759562842 0.032567049808429116 0.025136612021857924
0 0.5981800766283525 0.025136612021857924 0.027777777777777776 0.024043715846994537
0 0.5636973180076628 0.08524590163934426 0.033524904214559385 0.02622950819672131
0 0.4789272030651341 0.16775956284153004 0.026819923371647507 0.0273224043715847
0 0.48994252873563215 0.1814207650273224 0.02586206896551724 0.02622950819672131
0 0.49712643678160917 0.20546448087431693 0.028735632183908046 0.030601092896174863
0 0.46599616858237547 0.23989071038251367 0.023946360153256702 0.0273224043715847
0 0.443007662835249 0.26885245901639343 0.027777777777777776 0.02622950819672131
0 0.41714559386973177 0.28852459016393445 0.02969348659003831 0.02622950819672131
0 0.3979885057471264 0.3109289617486339 0.03160919540229885 0.029508196721311476
0 0.3237547892720306 0.34590163934426227 0.03065134099616858 0.029508196721311476
