0 0.35727969348659 0.08306010928961749 0.04597701149425287 0.048087431693989074
0 0.3740421455938697 0.17431693989071037 0.022030651340996167 0.01639344262295082
0 0.41379310344827586 0.1808743169398907 0.022988505747126436 0.01639344262295082
0 0.4626436781609195 0.18688524590163935 0.017241379310344827 0.019672131147540982
0 0.5052681992337165 0.18743169398907103 0.03160919540229885 0.029508196721311476
0 0.5454980842911877 0.19508196721311474 0.020114942528735632 0.020765027322404372
0 0.3596743295019157 0.24754098360655738 0.020114942528735632 0.022950819672131147
0 0.4497126436781609 0.2639344262295082 0.03160919540229885 0.025136612021857924
0 0.5627394636015325 0.46885245901639344 0.035440613026819924 0.03278688524590164
0 0.3783524904214559 0.725136612021858 0.05555555555555555 0.05136612021857923
0 0.3611111111111111 0.7715846994535519 0.038314176245210725 0.04590163934426229
0 0.34626436781609193 0.8213114754098361 0.039272030651340994 0.053551912568306013
0 0.33716475095785436 0.8792349726775956 0.07279693486590037 0.07103825136612021
