0 0.30842911877394635 0.1901639344262295 0.08045977011494253 0.05901639344262295
0 0.3328544061302682 0.24972677595628415 0.07183908045977011 0.060109289617486336
0 0.3668582375478927 0.3103825136612022 0.07279693486590037 0.0633879781420765
0 0.521551724137931 0.566120218579235 0.10057471264367815 0.08743169398907104
0 0.5708812260536398 0.6612021857923497 0.09961685823754789 0.09617486338797815
0 0.6139846743295019 0.7699453551912568 0.07662835249042145 0.06885245901639345
0 0.6886973180076628 0.8666666666666667 0.1111111111111111 0.1180327868852459
0 0.764367816091954 0.9666666666666667 0.08045977011494253 0.06229508196721312
0 0.4315134099616858 0.06721311475409836 0.06992337164750957 0.04918032786885246
0 0.460727969348659 0.11693989071038251 0.07471264367816091 0.05683060109289617
0 0.5 0.15846994535519127 0.06896551724137931 0.05245901639344262
0 0.5349616858237548 0.2191256830601093 0.08141762452107279 0.06885245901639345
0 0.578544061302682 0.27595628415300544 0.07471264367816091 0.060109289617486336
0 0.6460727969348659 0.36065573770491804 0.08333333333333333 0.07213114754098361
0 0.7188697318007663 0.4387978142076503 0.05651340996168582 0.04918032786885246
0 0.7418582375478927 0.5256830601092897 0.05268199233716475 0.05245901639344262
0 0.7772988505747126 0.5775956284153005 0.05459770114942528 0.05136612021857923
0 0.853927203065134 0.6502732240437158 0.09099616858237547 0.09180327868852459
