0 0.16570881226053638 0.03770491803278689 0.03065134099616858 0.029508196721311476
0 0.050287356321839075 0.09672131147540984 0.03160919540229885 0.029508196721311476
0 0.07950191570881225 0.1185792349726776 0.038314176245210725 0.0273224043715847
0 0.15277777777777776 0.15683060109289618 0.035440613026819924 0.029508196721311476
0 0.05076628352490421 0.19289617486338798 0.05555555555555555 0.036065573770491806
0 0.10105363984674329 0.2677595628415301 0.045019157088122604 0.030601092896174863
0 0.19588122605363983 0.22349726775956283 0.04118773946360153 0.033879781420765025
0 0.278735632183908 0.21256830601092896 0.034482758620689655 0.029508196721311476
0 0.2911877394636015 0.292896174863388 0.034482758620689655 0.03278688524590164
0 0.23850574712643677 0.3043715846994536 0.040229885057471264 0.036065573770491806
0 0.7413793103448275 0.09398907103825137 0.034482758620689655 0.024043715846994537
0 0.22126436781609193 0.5224043715846994 0.042145593869731796 0.04371584699453552
0 0.26772030651340994 0.5032786885245901 0.048850574712643674 0.040437158469945354
0 0.21695402298850575 0.7245901639344262 0.05268199233716475 0.041530054644808745
0 0.2681992337164751 0.7016393442622951 0.04980842911877394 0.041530054644808745
