0 0.5651340996168582 0.16393442622950818 0.034482758620689655 0.03715846994535519
0 0.6235632183908045 0.1371584699453552 0.034482758620689655 0.03169398907103825
0 0.4339080459770115 0.22950819672131148 0.06130268199233716 0.05245901639344262
0 0.4664750957854406 0.2612021857923497 0.042145593869731796 0.03715846994535519
0 0.4540229885057471 0.29890710382513663 0.06130268199233716 0.05573770491803279
0 0.4545019157088122 0.36065573770491804 0.035440613026819924 0.03715846994535519
0 0.5598659003831418 0.6704918032786885 0.037356321839080456 0.04262295081967213
0 0.5737547892720306 0.7087431693989071 0.03065134099616858 0.03825136612021858
0 0.5948275862068966 0.739344262295082 0.05938697318007662 0.07103825136612021
0 0.6068007662835249 0.6540983606557377 0.048850574712643674 0.053551912568306013
0 0.6484674329501915 0.260655737704918 0.032567049808429116 0.029508196721311476
0 0.643199233716475 0.2825136612021858 0.03160919540229885 0.036065573770491806
0 0.664272030651341 0.2814207650273224 0.02586206896551724 0.029508196721311476
0 0.6738505747126436 0.29562841530054645 0.02969348659003831 0.0273224043715847
0 0.6264367816091954 0.3016393442622951 0.03065134099616858 0.030601092896174863
0 0.6590038314176245 0.30983606557377047 0.028735632183908046 0.0273224043715847
0 0.682471264367816 0.32404371584699454 0.02969348659003831 0.029508196721311476
0 0.6915708812260536 0.35081967213114756 0.034482758620689655 0.030601092896174863
0 0.7021072796934865 0.3797814207650273 0.034482758620689655 0.033879781420765025
0 0.636015325670498 0.33060109289617484 0.03065134099616858 0.033879781420765025
0 0.6484674329501915 0.3617486338797814 0.03065134099616858 0.03715846994535519
0 0.6556513409961685 0.3945355191256831 0.02969348659003831 0.041530054644808745
0 0.6906130268199233 0.46612021857923497 0.022988505747126436 0.033879781420765025
0 0.6992337164750958 0.4967213114754098 0.028735632183908046 0.03825136612021858
0 0.742816091954023 0.45464480874316937 0.018199233716475093 0.028415300546448086
0 0.7696360153256705 0.4060109289617486 0.035440613026819924 0.04262295081967213
0 0.7648467432950191 0.4306010928961749 0.033524904214559385 0.03278688524590164
0 0.7581417624521073 0.4704918032786885 0.023946360153256702 0.0273224043715847
0 0.7619731800766283 0.5005464480874317 0.022030651340996167 0.034972677595628415
0 0.775383141762452 0.45956284153005467 0.03160919540229885 0.0273224043715847
0 0.7758620689655172 0.4825136612021858 0.028735632183908046 0.025136612021857924
0 0.7806513409961685 0.4967213114754098 0.028735632183908046 0.025136612021857924
0 0.7811302681992337 0.5180327868852459 0.020114942528735632 0.02622950819672131
0 0.8031609195402298 0.5316939890710383 0.02969348659003831 0.03169398907103825
0 0.814655172413793 0.5655737704918032 0.03160919540229885 0.036065573770491806
0 0.8084291187739463 0.5961748633879781 0.032567049808429116 0.03825136612021858
0 0.8309386973180076 0.6032786885245902 0.033524904214559385 0.03715846994535519
0 0.810823754789272 0.6295081967213114 0.033524904214559385 0.034972677595628415
0 0.7600574712643677 0.6344262295081967 0.035440613026819924 0.04480874316939891
0 0.7811302681992337 0.6579234972677596 0.03160919540229885 0.04371584699453552
