0 0.3668582375478927 0.022404371584699455 0.053639846743295014 0.04262295081967213
0 0.35488505747126436 0.10710382513661203 0.06034482758620689 0.048087431693989074
0 0.3328544061302682 0.14918032786885246 0.05459770114942528 0.04918032786885246
0 0.27346743295019155 0.6054644808743169 0.10249042145593869 0.10273224043715846
0 0.15708812260536398 0.846448087431694 0.08237547892720307 0.07759562841530054
0 0.5478927203065134 0.6191256830601093 0.06704980842911877 0.07540983606557378
0 0.5593869731800766 0.5530054644808743 0.07279693486590037 0.06120218579234973
0 0.6585249042145593 0.5316939890710383 0.05842911877394636 0.06666666666666667
0 0.5526819923371648 0.3808743169398907 0.09770114942528735 0.08633879781420765
0 0.5708812260536398 0.17595628415300546 0.10153256704980843 0.08306010928961749
0 0.5737547892720306 0.11256830601092896 0.05938697318007662 0.04590163934426229
0 0.8692528735632183 0.307103825136612 0.08333333333333333 0.07650273224043716
0 0.867816091954023 0.23989071038251367 0.05172413793103448 0.053551912568306013
