0 0.5028735632183908 0.8311475409836065 0.0632183908045977 0.06229508196721312
0 0.6202107279693486 0.6715846994535519 0.08908045977011494 0.11475409836065574
0 0.5627394636015325 0.6153005464480874 0.048850574712643674 0.0633879781420765
0 0.6063218390804598 0.5972677595628415 0.04597701149425287 0.060109289617486336
0 0.5617816091954023 0.5524590163934426 0.07183908045977011 0.08852459016393442
0 0.2528735632183908 0.21967213114754097 0.040229885057471264 0.03278688524590164
0 0.1585249042145594 0.16666666666666666 0.045019157088122604 0.04918032786885246
0 0.2064176245210728 0.1448087431693989 0.048850574712643674 0.053551912568306013
0 0.24712643678160917 0.14043715846994537 0.07471264367816091 0.06885245901639345
0 0.296455938697318 0.1005464480874317 0.06226053639846743 0.06120218579234973
