0 0.21408045977011494 0.6262295081967213 0.043103448275862065 0.05245901639344262
0 0.08189655172413793 0.739344262295082 0.048850574712643674 0.04918032786885246
0 0.0435823754789272 0.7890710382513662 0.05268199233716475 0.06120218579234973
0 0.021551724137931032 0.8584699453551913 0.043103448275862065 0.04918032786885246
0 0.47030651340996166 0.725136612021858 0.05555555555555555 0.05792349726775956
0 0.45641762452107276 0.8120218579234972 0.09482758620689655 0.1005464480874317
0 0.4846743295019157 0.9114754098360656 0.06513409961685823 0.07213114754098361
0 0.592911877394636 0.7693989071038252 0.05747126436781609 0.05683060109289617
0 0.6594827586206896 0.8180327868852459 0.06034482758620689 0.06229508196721312
0 0.7873563218390804 0.9043715846994536 0.05747126436781609 0.06885245901639345
0 0.7279693486590038 0.6295081967213114 0.04597701149425287 0.05245901639344262
0 0.1613984674329502 0.7202185792349727 0.04118773946360153 0.041530054644808745
