0 0.05268199233716475 0.34972677595628415 0.040229885057471264 0.03715846994535519
0 0.14798850574712644 0.426775956284153 0.06609195402298851 0.05792349726775956
0 0.12212643678160919 0.453551912568306 0.048850574712643674 0.04590163934426229
0 0.14128352490421456 0.48579234972677593 0.06417624521072797 0.06448087431693988
0 0.11925287356321838 0.5136612021857924 0.048850574712643674 0.04371584699453552
0 0.11685823754789272 0.5513661202185792 0.06704980842911877 0.060109289617486336
0 0.08524904214559387 0.5699453551912568 0.05555555555555555 0.04918032786885246
0 0.41570881226053635 0.5524590163934426 0.05555555555555555 0.08196721311475409
0 0.4616858237547892 0.7480874316939891 0.038314176245210725 0.0273224043715847
0 0.51772030651341 0.7524590163934426 0.04118773946360153 0.029508196721311476
0 0.596743295019157 0.6978142076502732 0.06704980842911877 0.08852459016393442
0 0.6882183908045977 0.7016393442622951 0.07183908045977011 0.09180327868852459
0 0.8759578544061303 0.7038251366120218 0.05459770114942528 0.06775956284153005
