0 0.33381226053639845 0.28797814207650274 0.045019157088122604 0.04918032786885246
0 0.5316091954022988 0.40765027322404374 0.09195402298850575 0.09180327868852459
0 0.6269157088122606 0.39726775956284155 0.07375478927203065 0.07978142076502732
0 0.9161877394636014 0.34316939890710385 0.06034482758620689 0.06775956284153005
0 0.30459770114942525 0.7153005464480874 0.10344827586206896 0.11912568306010929
0 0.3898467432950191 0.6775956284153005 0.05938697318007662 0.06775956284153005
0 0.6446360153256705 0.666120218579235 0.0632183908045977 0.07978142076502732
0 0.20833333333333331 0.8568306010928962 0.09482758620689655 0.11147540983606558
0 0.34195402298850575 0.8644808743169399 0.0632183908045977 0.07431693989071038
0 0.48180076628352486 0.8448087431693989 0.05938697318007662 0.07431693989071038
