0 0.035440613026819924 0.021311475409836064 0.0632183908045977 0.036065573770491806
0 0.021551724137931032 0.06284153005464481 0.037356321839080456 0.05136612021857923
0 0.2318007662835249 0.09234972677595628 0.08429118773946359 0.06448087431693988
0 0.40996168582375475 0.040437158469945354 0.07279693486590037 0.05901639344262295
0 0.4018199233716475 0.10109289617486339 0.09482758620689655 0.06229508196721312
0 0.39128352490421453 0.16229508196721312 0.09865900383141762 0.06885245901639345
0 0.37452107279693486 0.23497267759562843 0.08620689655172413 0.08087431693989071
0 0.14272030651340994 0.4355191256830601 0.053639846743295014 0.04918032786885246
0 0.06082375478927203 0.7382513661202186 0.05076628352490421 0.05136612021857923
0 0.28735632183908044 0.7207650273224043 0.11494252873563218 0.11475409836065574
0 0.2686781609195402 0.8562841530054645 0.11781609195402298 0.11693989071038251
