0 0.07375478927203065 0.12459016393442623 0.09003831417624521 0.07213114754098361
0 0.3888888888888889 0.2284153005464481 0.04597701149425287 0.041530054644808745
0 0.3783524904214559 0.3087431693989071 0.04980842911877394 0.046994535519125684
0 0.4932950191570881 0.4907103825136612 0.11302681992337164 0.11584699453551912
0 0.5019157088122606 0.2939890710382514 0.10153256704980843 0.08961748633879782
0 0.6082375478927202 0.21967213114754097 0.05555555555555555 0.05901639344262295
0 0.7193486590038314 0.07103825136612021 0.08620689655172413 0.06994535519125683
0 0.721743295019157 0.15628415300546447 0.07567049808429119 0.048087431693989074
0 0.7332375478927202 0.22404371584699453 0.06800766283524903 0.05245901639344262
0 0.75 0.3114754098360656 0.06896551724137931 0.05901639344262295
0 0.7576628352490421 0.4092896174863388 0.08429118773946359 0.06229508196721312
0 0.6154214559386972 0.5087431693989071 0.06417624521072797 0.07103825136612021
0 0.7227011494252873 0.6672131147540984 0.07183908045977011 0.08196721311475409
0 0.7308429118773946 0.855191256830601 0.07471264367816091 0.10819672131147541
0 0.8122605363984674 0.8562841530054645 0.07279693486590037 0.10601092896174863
0 0.8917624521072797 0.8562841530054645 0.08045977011494253 0.10601092896174863
