0 0.04837164750957854 0.059562841530054644 0.035440613026819924 0.020765027322404372
0 0.05076628352490421 0.08743169398907104 0.032567049808429116 0.024043715846994537
0 0.04980842911877394 0.10710382513661203 0.026819923371647507 0.019672131147540982
0 0.05268199233716475 0.1273224043715847 0.03065134099616858 0.020765027322404372
0 0.05699233716475095 0.15956284153005465 0.033524904214559385 0.02622950819672131
0 0.04932950191570881 0.18907103825136612 0.039272030651340994 0.028415300546448086
0 0.05172413793103448 0.21639344262295082 0.042145593869731796 0.02622950819672131
0 0.05507662835249042 0.24371584699453552 0.035440613026819924 0.030601092896174863
0 0.06417624521072797 0.2786885245901639 0.053639846743295014 0.04590163934426229
0 0.05986590038314176 0.3284153005464481 0.02969348659003831 0.029508196721311476
0 0.06896551724137931 0.4453551912568306 0.036398467432950186 0.036065573770491806
0 0.07040229885057471 0.48032786885245904 0.033524904214559385 0.036065573770491806
0 0.07567049808429119 0.5136612021857924 0.038314176245210725 0.03715846994535519
0 0.07854406130268199 0.5502732240437158 0.044061302681992334 0.03825136612021858
0 0.08141762452107279 0.5885245901639344 0.040229885057471264 0.04262295081967213
0 0.1388888888888889 0.5579234972677596 0.036398467432950186 0.04262295081967213
0 0.12356321839080459 0.3644808743169399 0.028735632183908046 0.029508196721311476
0 0.20402298850574713 0.11748633879781421 0.026819923371647507 0.025136612021857924
0 0.2590996168582375 0.09180327868852459 0.02969348659003831 0.030601092896174863
0 0.24425287356321837 0.012568306010928962 0.028735632183908046 0.018579234972677595
0 0.17768199233716475 0.22021857923497268 0.02969348659003831 0.029508196721311476
0 0.19636015325670497 0.24316939890710382 0.032567049808429116 0.0273224043715847
0 0.25622605363984674 0.31311475409836065 0.033524904214559385 0.03169398907103825
0 0.2705938697318008 0.34262295081967215 0.035440613026819924 0.0273224043715847
0 0.19204980842911876 0.4846994535519126 0.037356321839080456 0.0273224043715847
0 0.24664750957854406 0.4426229508196721 0.04118773946360153 0.034972677595628415
0 0.3007662835249042 0.4158469945355191 0.04980842911877394 0.029508196721311476
0 0.2279693486590038 0.5896174863387978 0.06896551724137931 0.08196721311475409
0 0.30459770114942525 0.5699453551912568 0.06513409961685823 0.07759562841530054
0 0.40277777777777773 0.5136612021857924 0.033524904214559385 0.03715846994535519
0 0.4468390804597701 0.4852459016393443 0.05268199233716475 0.05683060109289617
0 0.5349616858237548 0.43333333333333335 0.05459770114942528 0.053551912568306013
0 0.5771072796934865 0.41147540983606556 0.035440613026819924 0.03825136612021858
0 0.6230842911877394 0.38907103825136613 0.05459770114942528 0.0546448087431694
0 0.6637931034482758 0.3584699453551913 0.034482758620689655 0.030601092896174863
0 0.7083333333333333 0.3371584699453552 0.05459770114942528 0.053551912568306013
0 0.7701149425287356 0.307103825136612 0.05555555555555555 0.05683060109289617
0 0.8151340996168582 0.2830601092896175 0.034482758620689655 0.039344262295081964
0 0.8481800766283525 0.2633879781420765 0.02969348659003831 0.034972677595628415
0 0.8807471264367815 0.24098360655737705 0.03160919540229885 0.036065573770491806
0 0.9813218390804597 0.14918032786885246 0.033524904214559385 0.040437158469945354
0 0.6810344827586207 0.43333333333333335 0.038314176245210725 0.03825136612021858
0 0.9128352490421455 0.3699453551912568 0.038314176245210725 0.03825136612021858
0 0.8769157088122604 0.39398907103825137 0.035440613026819924 0.040437158469945354
0 0.8386015325670497 0.419672131147541 0.035440613026819924 0.041530054644808745
0 0.7442528735632183 0.4721311475409836 0.038314176245210725 0.048087431693989074
0 0.703544061302682 0.5010928961748634 0.035440613026819924 0.04262295081967213
0 0.660919540229885 0.5234972677595628 0.040229885057471264 0.04590163934426229
0 0.6168582375478927 0.5546448087431693 0.036398467432950186 0.04262295081967213
0 0.5775862068965517 0.5885245901639344 0.034482758620689655 0.040437158469945354
0 0.5287356321839081 0.6153005464480874 0.038314176245210725 0.048087431693989074
0 0.48180076628352486 0.644808743169399 0.034482758620689655 0.04590163934426229
0 0.4281609195402299 0.6699453551912569 0.04980842911877394 0.06557377049180328
0 0.2092911877394636 0.8398907103825136 0.043103448275862065 0.05136612021857923
0 0.2308429118773946 0.9836065573770492 0.04597701149425287 0.030601092896174863
