0 0.19300766283524903 0.21584699453551912 0.06417624521072797 0.07540983606557378
0 0.08812260536398467 0.1721311475409836 0.022988505747126436 0.020765027322404372
0 0.28160919540229884 0.2180327868852459 0.026819923371647507 0.03169398907103825
0 0.3160919540229885 0.2284153005464481 0.026819923371647507 0.028415300546448086
0 0.3515325670498084 0.23060109289617486 0.019157088122605363 0.019672131147540982
0 0.3898467432950191 0.23770491803278687 0.021072796934865898 0.020765027322404372
0 0.4190613026819923 0.23934426229508196 0.020114942528735632 0.017486338797814208
0 0.4487547892720306 0.24699453551912567 0.020114942528735632 0.02185792349726776
0 0.4779693486590038 0.24972677595628415 0.026819923371647507 0.022950819672131147
0 0.5081417624521073 0.2530054644808743 0.020114942528735632 0.020765027322404372
0 0.3908045977011494 0.45901639344262296 0.032567049808429116 0.03278688524590164
0 0.44061302681992337 0.48743169398907105 0.05555555555555555 0.05027322404371585
0 0.4554597701149425 0.5524590163934426 0.03160919540229885 0.03169398907103825
0 0.43199233716475094 0.6355191256830601 0.022988505747126436 0.0273224043715847
0 0.42863984674329497 0.7420765027322405 0.037356321839080456 0.04590163934426229
0 0.4640804597701149 0.8584699453551913 0.035440613026819924 0.04480874316939891
0 0.367816091954023 0.8715846994535519 0.017241379310344827 0.0273224043715847
0 0.3836206896551724 0.8726775956284153 0.020114942528735632 0.0273224043715847
0 0.40421455938697315 0.8792349726775956 0.017241379310344827 0.0273224043715847
0 0.4233716475095785 0.8797814207650273 0.019157088122605363 0.02622950819672131
