0 0.07471264367816091 0.025683060109289616 0.02490421455938697 0.01639344262295082
0 0.05986590038314176 0.03770491803278689 0.022030651340996167 0.01639344262295082
0 0.048850574712643674 0.046994535519125684 0.022988505747126436 0.017486338797814208
0 0.7978927203065134 0.12786885245901639 0.034482758620689655 0.03278688524590164
0 0.8347701149425287 0.13497267759562842 0.035440613026819924 0.036065573770491806
0 0.8726053639846743 0.15191256830601094 0.040229885057471264 0.041530054644808745
0 0.6044061302681992 0.16721311475409836 0.047892720306513405 0.048087431693989074
0 0.7203065134099617 0.18907103825136612 0.06704980842911877 0.0633879781420765
0 0.460727969348659 0.24098360655737705 0.053639846743295014 0.040437158469945354
0 0.47461685823754785 0.2639344262295082 0.037356321839080456 0.036065573770491806
0 0.507183908045977 0.24808743169398906 0.045019157088122604 0.041530054644808745
0 0.5526819923371648 0.27704918032786885 0.036398467432950186 0.036065573770491806
0 0.525383141762452 0.3092896174863388 0.039272030651340994 0.039344262295081964
0 0.5589080459770115 0.3628415300546448 0.02586206896551724 0.028415300546448086
0 0.5886015325670497 0.36666666666666664 0.039272030651340994 0.04480874316939891
0 0.5694444444444444 0.39344262295081966 0.045019157088122604 0.041530054644808745
0 0.596743295019157 0.4103825136612022 0.042145593869731796 0.04918032786885246
0 0.6144636015325671 0.380327868852459 0.05076628352490421 0.041530054644808745
0 0.2289272030651341 0.6076502732240437 0.06704980842911877 0.06775956284153005
0 0.310823754789272 0.6573770491803279 0.043103448275862065 0.046994535519125684
0 0.12116858237547892 0.6612021857923497 0.06034482758620689 0.07650273224043716
0 0.07423371647509579 0.733879781420765 0.05842911877394636 0.07759562841530054
0 0.18486590038314174 0.7098360655737704 0.032567049808429116 0.03825136612021858
0 0.23563218390804597 0.7327868852459016 0.04597701149425287 0.05573770491803279
0 0.09913793103448275 0.8098360655737705 0.045019157088122604 0.05245901639344262
0 0.1417624521072797 0.8300546448087431 0.06130268199233716 0.07759562841530054
0 0.18199233716475094 0.8109289617486338 0.042145593869731796 0.05901639344262295
