0 0.28879310344827586 0.20928961748633879 0.08333333333333333 0.073224043715847
0 0.2375478927203065 0.5043715846994535 0.05747126436781609 0.04918032786885246
0 0.22365900383141762 0.6060109289617487 0.09865900383141762 0.09508196721311475
0 0.2054597701149425 0.7306010928961748 0.09482758620689655 0.0994535519125683
0 0.19875478927203064 0.8513661202185793 0.06034482758620689 0.06994535519125683
0 0.5435823754789272 0.10109289617486339 0.08908045977011494 0.07540983606557378
0 0.5033524904214559 0.49781420765027323 0.05651340996168582 0.05573770491803279
0 0.503831417624521 0.5972677595628415 0.1111111111111111 0.0994535519125683
0 0.8227969348659003 0.22459016393442624 0.032567049808429116 0.0273224043715847
0 0.9348659003831418 0.29180327868852457 0.047892720306513405 0.05245901639344262
0 0.8261494252873562 0.4781420765027322 0.037356321839080456 0.036065573770491806
0 0.8500957854406129 0.7896174863387978 0.10249042145593869 0.11912568306010929
