0 0.8103448275862069 0.040983606557377046 0.08429118773946359 0.06666666666666667
0 0.8955938697318008 0.07431693989071038 0.08812260536398467 0.06775956284153005
0 0.9597701149425287 0.08469945355191257 0.04597701149425287 0.06229508196721312
0 0.6144636015325671 0.16775956284153004 0.05268199233716475 0.05573770491803279
0 0.678639846743295 0.19453551912568307 0.07375478927203065 0.06994535519125683
0 0.7887931034482758 0.21967213114754097 0.07183908045977011 0.07868852459016393
0 0.8572796934865899 0.2459016393442623 0.07279693486590037 0.06994535519125683
0 0.550287356321839 0.15191256830601094 0.04118773946360153 0.030601092896174863
0 0.5263409961685823 0.17103825136612022 0.02969348659003831 0.025136612021857924
0 0.5498084291187739 0.17650273224043717 0.03065134099616858 0.03169398907103825
0 0.3290229885057471 0.09562841530054644 0.023946360153256702 0.020765027322404372
0 0.34386973180076624 0.08961748633879782 0.022988505747126436 0.024043715846994537
0 0.22749042145593867 0.05683060109289617 0.02586206896551724 0.019672131147540982
0 0.2447318007662835 0.06393442622950819 0.022030651340996167 0.022950819672131147
0 0.2614942528735632 0.06994535519125683 0.02490421455938697 0.024043715846994537
0 0.16810344827586207 0.12568306010928962 0.037356321839080456 0.034972677595628415
0 0.19348659003831417 0.1273224043715847 0.01532567049808429 0.01639344262295082
0 0.21120689655172412 0.16120218579234974 0.023946360153256702 0.022950819672131147
0 0.09147509578544061 0.09726775956284153 0.022030651340996167 0.017486338797814208
0 0.024425287356321837 0.26885245901639343 0.045019157088122604 0.05027322404371585
0 0.05842911877394636 0.2650273224043716 0.05938697318007662 0.060109289617486336
0 0.12212643678160919 0.25573770491803277 0.035440613026819924 0.02622950819672131
0 0.13266283524904213 0.28087431693989073 0.035440613026819924 0.02622950819672131
0 0.13122605363984674 0.2994535519125683 0.032567049808429116 0.02185792349726776
0 0.14990421455938696 0.740983606557377 0.06609195402298851 0.08524590163934426
0 0.5919540229885057 0.7300546448087432 0.09961685823754789 0.1355191256830601
0 0.8529693486590038 0.7125683060109289 0.1082375478927203 0.1355191256830601
0 0.6163793103448275 0.4103825136612022 0.07375478927203065 0.073224043715847
0 0.6719348659003831 0.4005464480874317 0.07375478927203065 0.07759562841530054
0 0.6901340996168582 0.34316939890710385 0.05076628352490421 0.0546448087431694
0 0.7212643678160919 0.44426229508196724 0.07471264367816091 0.08415300546448087
0 0.6695402298850575 0.45901639344262296 0.07279693486590037 0.07431693989071038
0 0.396551724137931 0.11420765027322405 0.021072796934865898 0.01639344262295082
0 0.39703065134099613 0.12349726775956284 0.020114942528735632 0.015300546448087432
0 0.39128352490421453 0.1371584699453552 0.022030651340996167 0.020765027322404372
0 0.3807471264367816 0.14918032786885246 0.014367816091954023 0.018579234972677595
0 0.36494252873563215 0.17431693989071037 0.021072796934865898 0.018579234972677595
0 0.3515325670498084 0.17978142076502732 0.022988505747126436 0.01639344262295082
0 0.48419540229885055 0.1284153005464481 0.023946360153256702 0.018579234972677595
0 0.48419540229885055 0.1377049180327869 0.023946360153256702 0.015300546448087432
0 0.48227969348659 0.14863387978142076 0.022030651340996167 0.017486338797814208
0 0.4698275862068965 0.16994535519125684 0.02969348659003831 0.029508196721311476
0 0.1839080459770115 0.1557377049180328 0.022988505747126436 0.033879781420765025
0 0.807471264367816 0.35683060109289616 0.028735632183908046 0.020765027322404372
0 0.835727969348659 0.3628415300546448 0.03160919540229885 0.02185792349726776
