0 0.20116487455197132 0.1623672230652504 0.04390681003584229 0.07283763277693475
0 0.22043010752688172 0.20485584218512898 0.04659498207885305 0.07283763277693475
0 0.253584229390681 0.2465857359635812 0.06093189964157706 0.07738998482549317
0 0.29435483870967744 0.19802731411229135 0.024193548387096774 0.04400606980273141
0 0.26657706093189965 0.11836115326251898 0.03136200716845878 0.054628224582701064
0 0.29345878136200715 0.11077389984825493 0.033154121863799284 0.051593323216995446
0 0.2992831541218638 0.1479514415781487 0.03225806451612903 0.05007587253414264
0 0.3185483870967742 0.15174506828528073 0.03494623655913978 0.051593323216995446
0 0.371415770609319 0.22610015174506828 0.027777777777777776 0.03945371775417299
0 0.2199820788530466 0.5895295902883156 0.02060931899641577 0.03186646433990895
0 0.3974014336917563 0.41198786039453716 0.0492831541218638 0.07435508345978756
0 0.45698924731182794 0.3877086494688923 0.03763440860215054 0.0622154779969651
0 0.4224910394265233 0.4681335356600911 0.033154121863799284 0.05614567526555387
0 0.45474910394265233 0.5166919575113809 0.036738351254480286 0.05918057663125949
0 0.5098566308243727 0.4575113808801214 0.02867383512544803 0.05311077389984826
0 0.4914874551971326 0.563732928679818 0.04032258064516129 0.07435508345978756
0 0.3396057347670251 0.6130500758725341 0.016129032258064516 0.03945371775417299
0 0.35842293906810035 0.5910470409711684 0.023297491039426525 0.04400606980273141
0 0.3378136200716846 0.6669195751138088 0.023297491039426525 0.03793626707132018
0 0.5797491039426523 0.6100151745068285 0.04838709677419355 0.0819423368740516
0 0.5492831541218638 0.6449165402124432 0.035842293906810034 0.0637329286798179
0 0.5264336917562724 0.6820940819423369 0.036738351254480286 0.05311077389984826
0 0.6532258064516129 0.7192716236722306 0.05555555555555555 0.09711684370257967
0 0.617831541218638 0.779969650986343 0.025985663082437275 0.045523520485584223
0 0.5972222222222222 0.8088012139605463 0.02956989247311828 0.045523520485584223
0 0.7486559139784946 0.933990895295903 0.05824372759856631 0.09256449165402125
