0 0.24193548387096775 0.8528072837632777 0.08422939068100359 0.0819423368740516
0 0.2307347670250896 0.9051593323216995 0.06182795698924731 0.0804248861911988
0 0.30734767025089604 0.8452200303490137 0.08243727598566308 0.1638846737481032
0 0.3732078853046595 0.8194233687405159 0.05465949820788531 0.09104704097116845
0 0.4435483870967742 0.8444613050075873 0.06810035842293907 0.125948406676783
0 0.425179211469534 0.9218512898330804 0.05465949820788531 0.09256449165402125
0 0.4798387096774194 0.8915022761760243 0.06362007168458782 0.13808801213960548
0 0.2849462365591398 0.5955993930197269 0.05017921146953405 0.08952959028831563
0 0.2553763440860215 0.4802731411229135 0.07526881720430108 0.09256449165402125
0 0.27195340501792115 0.42488619119878607 0.07974910394265233 0.09104704097116845
0 0.2616487455197133 0.3626707132018209 0.07168458781362007 0.09408194233687406
0 0.27419354838709675 0.30576631259484066 0.08422939068100359 0.08952959028831563
0 0.26344086021505375 0.2488619119878604 0.06989247311827956 0.09408194233687406
0 0.2728494623655914 0.18892261001517452 0.07974910394265233 0.0834597875569044
0 0.2589605734767025 0.13201820940819423 0.06989247311827956 0.0819423368740516
0 0.3095878136200717 0.15402124430955993 0.051075268817204304 0.09559939301972686
0 0.3472222222222222 0.13277693474962063 0.04390681003584229 0.09256449165402125
0 0.38127240143369173 0.15857359635811838 0.051075268817204304 0.10773899848254932
0 0.41308243727598565 0.17754172989377845 0.04838709677419355 0.08497723823975721
0 0.43862007168458783 0.1449165402124431 0.0456989247311828 0.09256449165402125
0 0.4852150537634409 0.1418816388467375 0.047491039426523295 0.08952959028831563
0 0.38799283154121866 0.4666160849772383 0.05555555555555555 0.125948406676783
0 0.4399641577060932 0.4726858877086495 0.04838709677419355 0.09559939301972686
0 0.492831541218638 0.40743550834597875 0.05913978494623656 0.10470409711684371
0 0.503584229390681 0.5212443095599393 0.05197132616487455 0.10470409711684371
0 0.5582437275985663 0.5849772382397572 0.07526881720430108 0.10773899848254932
0 0.5739247311827957 0.665402124430956 0.04390681003584229 0.08649468892261002
0 0.5689964157706093 0.3990895295902883 0.05913978494623656 0.07890743550834597
0 0.5524193548387096 0.330804248861912 0.06003584229390681 0.07283763277693475
0 0.5694444444444444 0.291350531107739 0.06362007168458782 0.07587253414264036
0 0.6684587813620072 0.6403641881638847 0.023297491039426525 0.045523520485584223
0 0.7186379928315412 0.6585735963581184 0.021505376344086023 0.042488619119878605
0 0.7087813620071685 0.6024279210925645 0.016129032258064516 0.027314112291350532
0 0.7092293906810035 0.5629742033383915 0.017025089605734768 0.03945371775417299
0 0.850358422939068 0.8148710166919575 0.023297491039426525 0.033383915022761765
0 0.8400537634408602 0.8391502276176025 0.01881720430107527 0.033383915022761765
0 0.860663082437276 0.8376327769347497 0.025985663082437275 0.036418816388467376
0 0.7289426523297491 0.8649468892261002 0.022401433691756272 0.030349013657056147
0 0.9018817204301075 0.8376327769347497 0.024193548387096774 0.036418816388467376
0 0.9229390681003584 0.8368740515933233 0.026881720430107527 0.03490136570561457
0 0.931899641577061 0.8141122913505311 0.023297491039426525 0.03793626707132018
