0 0.18486590038314174 0.8147540983606557 0.05747126436781609 0.06229508196721312
0 0.20210727969348657 0.6021857923497268 0.034482758620689655 0.030601092896174863
0 0.2519157088122605 0.5530054644808743 0.038314176245210725 0.03715846994535519
0 0.30603448275862066 0.4989071038251366 0.037356321839080456 0.033879781420765025
0 0.33524904214559387 0.4672131147540984 0.032567049808429116 0.036065573770491806
0 0.5450191570881225 0.307103825136612 0.05555555555555555 0.041530054644808745
0 0.6130268199233716 0.2185792349726776 0.05747126436781609 0.041530054644808745
0 0.8069923371647509 0.2453551912568306 0.07758620689655173 0.06229508196721312
0 0.8797892720306513 0.13825136612021857 0.07950191570881225 0.05136612021857923
0 0.9473180076628352 0.03989071038251366 0.06704980842911877 0.053551912568306013
