0 0.5981800766283525 0.011475409836065573 0.02586206896551724 0.020765027322404372
0 0.5771072796934865 0.01639344262295082 0.05651340996168582 0.03278688524590164
0 0.5632183908045977 0.040437158469945354 0.036398467432950186 0.02185792349726776
0 0.5498084291187739 0.06229508196721312 0.036398467432950186 0.02622950819672131
0 0.5047892720306513 0.05027322404371585 0.026819923371647507 0.019672131147540982
0 0.514367816091954 0.12568306010928962 0.0632183908045977 0.041530054644808745
0 0.48563218390804597 0.1814207650273224 0.06130268199233716 0.04371584699453552
0 0.46599616858237547 0.22404371584699453 0.06609195402298851 0.04371584699453552
0 0.4410919540229885 0.2715846994535519 0.06417624521072797 0.046994535519125684
0 0.41235632183908044 0.32021857923497266 0.06609195402298851 0.05245901639344262
0 0.37547892720306514 0.4207650273224044 0.038314176245210725 0.03715846994535519
0 0.3366858237547893 0.4557377049180328 0.06992337164750957 0.05901639344262295
0 0.4061302681992337 0.8109289617486338 0.10727969348659003 0.12459016393442623
0 0.45737547892720304 0.6879781420765028 0.09674329501915709 0.11256830601092896
0 0.5100574712643677 0.5617486338797815 0.09099616858237547 0.09398907103825137
0 0.5584291187739463 0.3737704918032787 0.053639846743295014 0.039344262295081964
0 0.5766283524904214 0.33060109289617484 0.05555555555555555 0.040437158469945354
0 0.5962643678160919 0.28743169398907104 0.06034482758620689 0.05245901639344262
0 0.6221264367816092 0.24153005464480876 0.05842911877394636 0.048087431693989074
0 0.6455938697318008 0.20163934426229507 0.06704980842911877 0.04918032786885246
0 0.7016283524904214 0.05792349726775956 0.06226053639846743 0.039344262295081964
0 0.7279693486590038 0.03114754098360656 0.02490421455938697 0.020765027322404372
