0 0.703544061302682 0.1808743169398907 0.03160919540229885 0.029508196721311476
0 0.7131226053639846 0.26994535519125684 0.045019157088122604 0.041530054644808745
0 0.8098659003831418 0.24863387978142076 0.048850574712643674 0.05136612021857923
0 0.7083333333333333 0.48360655737704916 0.048850574712643674 0.053551912568306013
0 0.761015325670498 0.585792349726776 0.05459770114942528 0.05901639344262295
0 0.46695402298850575 0.048087431693989074 0.05268199233716475 0.04371584699453552
0 0.4616858237547892 0.09289617486338798 0.0632183908045977 0.04371584699453552
0 0.4511494252873563 0.1360655737704918 0.05555555555555555 0.04480874316939891
0 0.4444444444444444 0.23934426229508196 0.05555555555555555 0.0546448087431694
0 0.44492337164750956 0.2907103825136612 0.06226053639846743 0.0546448087431694
0 0.42768199233716475 0.3644808743169399 0.05459770114942528 0.060109289617486336
0 0.41954022988505746 0.5540983606557377 0.06130268199233716 0.0633879781420765
0 0.3979885057471264 0.6546448087431694 0.06034482758620689 0.06775956284153005
0 0.3850574712643678 0.8021857923497268 0.08237547892720307 0.07431693989071038
0 0.16235632183908044 0.5377049180327869 0.06609195402298851 0.0633879781420765
0 0.18630268199233715 0.4087431693989071 0.05268199233716475 0.05901639344262295
0 0.1925287356321839 0.3524590163934426 0.053639846743295014 0.053551912568306013
