0 0.2849813432835821 0.8584699453551913 0.05876865671641791 0.09289617486338798
0 0.59375 0.4972677595628415 0.06809701492537314 0.05245901639344262
0 0.6026119402985074 0.6234972677595628 0.07276119402985075 0.06666666666666667
0 0.7346082089552238 0.42131147540983604 0.049440298507462684 0.040437158469945354
0 0.8166977611940298 0.6306010928961748 0.049440298507462684 0.05683060109289617
0 0.6963619402985074 0.0633879781420765 0.0457089552238806 0.028415300546448086
0 0.7005597014925373 0.02459016393442623 0.03731343283582089 0.0273224043715847
0 0.5774253731343284 0.2 0.027985074626865673 0.024043715846994537
0 0.5825559701492538 0.24918032786885247 0.03264925373134328 0.028415300546448086
0 0.5895522388059702 0.27814207650273226 0.020522388059701493 0.020765027322404372
0 0.617070895522388 0.2650273224043716 0.027052238805970148 0.022950819672131147
0 0.6324626865671642 0.246448087431694 0.022388059701492536 0.022950819672131147
0 0.6674440298507462 0.23770491803278687 0.025186567164179104 0.020765027322404372
0 0.6254664179104478 0.17868852459016393 0.021455223880597014 0.020765027322404372
0 0.6324626865671642 0.20163934426229507 0.022388059701492536 0.022950819672131147
