0 0.11877394636015325 0.6792349726775956 0.06896551724137931 0.0907103825136612
0 0.7485632183908045 0.26885245901639343 0.02586206896551724 0.02622950819672131
0 0.8227969348659003 0.2994535519125683 0.017241379310344827 0.019672131147540982
0 0.8390804597701149 0.3038251366120219 0.017241379310344827 0.017486338797814208
0 0.8366858237547893 0.3655737704918033 0.022030651340996167 0.022950819672131147
0 0.8290229885057471 0.3825136612021858 0.020114942528735632 0.02185792349726776
0 0.82183908045977 0.4 0.022988505747126436 0.019672131147540982
0 0.810823754789272 0.41857923497267757 0.018199233716475093 0.024043715846994537
0 0.6733716475095786 0.32404371584699454 0.022988505747126436 0.022950819672131147
0 0.6384099616858238 0.4010928961748634 0.027777777777777776 0.02622950819672131
0 0.7849616858237547 0.46775956284153003 0.027777777777777776 0.034972677595628415
0 0.800287356321839 0.5120218579234973 0.03160919540229885 0.033879781420765025
0 0.7758620689655172 0.546448087431694 0.028735632183908046 0.030601092896174863
0 0.9358237547892719 0.18633879781420765 0.03065134099616858 0.022950819672131147
