0 0.12164750957854406 0.8584699453551913 0.1053639846743295 0.12786885245901639
0 0.2279693486590038 0.7819672131147541 0.06704980842911877 0.08415300546448087
0 0.40277777777777773 0.7415300546448087 0.06800766283524903 0.07759562841530054
0 0.5268199233716475 0.6978142076502732 0.10344827586206896 0.1366120218579235
0 0.5996168582375478 0.6633879781420765 0.053639846743295014 0.06775956284153005
0 0.6733716475095786 0.6469945355191257 0.05555555555555555 0.07650273224043716
0 0.7236590038314176 0.6120218579234973 0.05842911877394636 0.06775956284153005
0 0.8160919540229885 0.592896174863388 0.10153256704980843 0.12349726775956284
0 0.8740421455938697 0.5677595628415301 0.039272030651340994 0.04262295081967213
0 0.9248084291187739 0.5431693989071038 0.05268199233716475 0.06557377049180328
0 0.9794061302681992 0.5300546448087432 0.039272030651340994 0.06120218579234973
0 0.47988505747126436 0.11693989071038251 0.038314176245210725 0.039344262295081964
0 0.5172413793103448 0.10601092896174863 0.036398467432950186 0.041530054644808745
0 0.560823754789272 0.09508196721311475 0.039272030651340994 0.03278688524590164
0 0.5977011494252873 0.08633879781420765 0.036398467432950186 0.03715846994535519
0 0.6302681992337165 0.07978142076502732 0.036398467432950186 0.034972677595628415
0 0.6839080459770115 0.06994535519125683 0.036398467432950186 0.03715846994535519
0 0.717911877394636 0.06174863387978142 0.039272030651340994 0.033879781420765025
0 0.7562260536398467 0.054098360655737705 0.035440613026819924 0.033879781420765025
0 0.7887931034482758 0.04426229508196721 0.033524904214559385 0.036065573770491806
0 0.8266283524904214 0.033879781420765025 0.042145593869731796 0.034972677595628415
0 0.8405172413793103 0.14863387978142076 0.045019157088122604 0.03278688524590164
0 0.8721264367816092 0.16010928961748633 0.05076628352490421 0.040437158469945354
0 0.8635057471264367 0.18797814207650274 0.04118773946360153 0.03715846994535519
0 0.914272030651341 0.25519125683060107 0.05268199233716475 0.04262295081967213
