0 0.09913793103448275 0.03442622950819672 0.06034482758620689 0.05573770491803279
0 0.08668582375478927 0.08415300546448087 0.06226053639846743 0.0546448087431694
0 0.06369731800766283 0.16393442622950818 0.05842911877394636 0.05245901639344262
0 0.05076628352490421 0.21584699453551912 0.06704980842911877 0.05573770491803279
0 0.03065134099616858 0.2683060109289617 0.05555555555555555 0.05573770491803279
0 0.017720306513409962 0.37595628415300547 0.035440613026819924 0.05683060109289617
0 0.016283524904214558 0.42896174863387976 0.03065134099616858 0.05573770491803279
0 0.32950191570881227 0.11038251366120219 0.042145593869731796 0.041530054644808745
0 0.28496168582375475 0.3153005464480874 0.033524904214559385 0.03825136612021858
0 0.27490421455938696 0.41530054644808745 0.053639846743295014 0.05027322404371585
0 0.2361111111111111 0.6497267759562841 0.05268199233716475 0.06448087431693988
0 0.27346743295019155 0.7666666666666667 0.05651340996168582 0.07540983606557378
0 0.3850574712643678 0.38907103825136613 0.05747126436781609 0.0633879781420765
0 0.7207854406130267 0.8103825136612022 0.048850574712643674 0.06448087431693988
0 0.8520114942528735 0.8234972677595629 0.07183908045977011 0.07759562841530054
