0 0.13266283524904213 0.5256830601092897 0.07950191570881225 0.06557377049180328
0 0.13553639846743296 0.6251366120218579 0.07567049808429119 0.07650273224043716
0 0.4133141762452107 0.7202185792349727 0.12356321839080459 0.15956284153005465
0 0.4233716475095785 0.419672131147541 0.05747126436781609 0.07868852459016393
0 0.524904214559387 0.4448087431693989 0.06704980842911877 0.08087431693989071
0 0.6269157088122606 0.5098360655737705 0.1082375478927203 0.10819672131147541
0 0.7504789272030651 0.45846994535519126 0.10249042145593869 0.08852459016393442
0 0.8045977011494252 0.37814207650273224 0.09770114942528735 0.07213114754098361
0 0.8558429118773946 0.30218579234972676 0.08908045977011494 0.06666666666666667
0 0.96455938697318 0.11202185792349727 0.07088122605363985 0.07978142076502732
0 0.7461685823754789 0.1540983606557377 0.09386973180076628 0.07868852459016393
0 0.6982758620689655 0.0825136612021858 0.08045977011494253 0.05792349726775956
