0 0.407088122605364 0.03278688524590164 0.07279693486590037 0.05245901639344262
0 0.40421455938697315 0.0994535519125683 0.08237547892720307 0.05901639344262295
0 0.4003831417624521 0.16612021857923498 0.08045977011494253 0.06994535519125683
0 0.7164750957854406 0.023497267759562842 0.05172413793103448 0.04480874316939891
0 0.7935823754789272 0.018579234972677595 0.06800766283524903 0.034972677595628415
0 0.7495210727969348 0.13005464480874318 0.06609195402298851 0.05683060109289617
0 0.8151340996168582 0.1273224043715847 0.06513409961685823 0.05573770491803279
0 0.785919540229885 0.28797814207650274 0.08333333333333333 0.08196721311475409
0 0.8596743295019157 0.2830601092896175 0.07950191570881225 0.09180327868852459
0 0.07231800766283525 0.7060109289617487 0.09291187739463601 0.1377049180327869
0 0.1867816091954023 0.6857923497267759 0.08620689655172413 0.10601092896174863
0 0.3122605363984674 0.6808743169398908 0.09003831417624521 0.11366120218579234
0 0.660919540229885 0.6699453551912569 0.09195402298850575 0.1377049180327869
0 0.7792145593869731 0.6688524590163935 0.08524904214559387 0.11147540983606558
