0 0.27586206896551724 0.48415300546448087 0.05747126436781609 0.06120218579234973
0 0.6412835249042145 0.33825136612021856 0.09099616858237547 0.07103825136612021
0 0.7164750957854406 0.28743169398907104 0.08620689655172413 0.07431693989071038
0 0.8726053639846743 0.14808743169398908 0.053639846743295014 0.04480874316939891
0 0.8663793103448275 0.1814207650273224 0.037356321839080456 0.02622950819672131
0 0.7533524904214559 0.35792349726775957 0.09865900383141762 0.073224043715847
0 0.76772030651341 0.44153005464480877 0.1446360153256705 0.10273224043715846
0 0.6772030651340996 0.5316939890710383 0.07088122605363985 0.06666666666666667
0 0.6388888888888888 0.5890710382513661 0.04597701149425287 0.048087431693989074
0 0.3424329501915709 0.43005464480874317 0.018199233716475093 0.018579234972677595
0 0.37212643678160917 0.4163934426229508 0.02586206896551724 0.02622950819672131
0 0.2710727969348659 0.24153005464480876 0.017241379310344827 0.015300546448087432
0 0.3309386973180076 0.0912568306010929 0.022030651340996167 0.01639344262295082
