0 0.05507662835249042 0.0366120218579235 0.048850574712643674 0.025136612021857924
0 0.022509578544061302 0.11256830601092896 0.039272030651340994 0.028415300546448086
0 0.016762452107279693 0.1469945355191257 0.02969348659003831 0.029508196721311476
0 0.20210727969348657 0.013114754098360656 0.02490421455938697 0.02185792349726776
0 0.12595785440613025 0.15191256830601094 0.05651340996168582 0.04371584699453552
0 0.13745210727969348 0.10601092896174863 0.04693486590038314 0.04590163934426229
0 0.16666666666666666 0.05901639344262295 0.047892720306513405 0.04590163934426229
0 0.21839080459770113 0.06120218579234973 0.04597701149425287 0.034972677595628415
0 0.2705938697318008 0.06229508196721312 0.04693486590038314 0.04371584699453552
0 0.2658045977011494 0.10819672131147541 0.05842911877394636 0.04590163934426229
0 0.23706896551724135 0.1546448087431694 0.06034482758620689 0.04918032786885246
0 0.3170498084291188 0.226775956284153 0.04597701149425287 0.04918032786885246
0 0.35105363984674326 0.18524590163934426 0.048850574712643674 0.04918032786885246
0 0.3864942528735632 0.14918032786885246 0.037356321839080456 0.040437158469945354
0 0.42624521072796934 0.1185792349726776 0.042145593869731796 0.040437158469945354
0 0.4085249042145594 0.2633879781420765 0.04118773946360153 0.04371584699453552
0 0.5440613026819923 0.16393442622950818 0.042145593869731796 0.034972677595628415
0 0.5852490421455938 0.13497267759562842 0.053639846743295014 0.04480874316939891
0 0.6192528735632183 0.10765027322404372 0.05459770114942528 0.04262295081967213
0 0.6901340996168582 0.10655737704918032 0.02969348659003831 0.029508196721311476
0 0.6590038314176245 0.2278688524590164 0.04980842911877394 0.04918032786885246
0 0.6345785440613027 0.2836065573770492 0.03160919540229885 0.033879781420765025
0 0.7045019157088123 0.2994535519125683 0.033524904214559385 0.034972677595628415
0 0.6566091954022988 0.33879781420765026 0.04118773946360153 0.034972677595628415
0 0.32088122605363983 0.41366120218579233 0.053639846743295014 0.05573770491803279
0 0.36733716475095785 0.4245901639344262 0.037356321839080456 0.040437158469945354
0 0.41139846743295017 0.43333333333333335 0.05651340996168582 0.06448087431693988
0 0.5579501915708812 0.37759562841530053 0.06034482758620689 0.06666666666666667
0 0.6015325670498084 0.38633879781420766 0.038314176245210725 0.04480874316939891
0 0.6379310344827586 0.39617486338797814 0.03065134099616858 0.0273224043715847
0 0.6810344827586207 0.4092896174863388 0.026819923371647507 0.029508196721311476
0 0.7567049808429118 0.4240437158469945 0.0632183908045977 0.06120218579234973
0 0.7523946360153256 0.5349726775956284 0.039272030651340994 0.04262295081967213
0 0.6149425287356322 0.5038251366120219 0.040229885057471264 0.03715846994535519
0 0.23946360153256704 0.5010928961748634 0.032567049808429116 0.040437158469945354
0 0.09339080459770115 0.7295081967213115 0.045019157088122604 0.046994535519125684
0 0.21312260536398467 0.6683060109289618 0.048850574712643674 0.053551912568306013
0 0.22557471264367815 0.7234972677595628 0.04693486590038314 0.0546448087431694
0 0.24952107279693486 0.7978142076502732 0.04118773946360153 0.05245901639344262
0 0.11350574712643678 0.9846994535519126 0.05459770114942528 0.028415300546448086
0 0.2629310344827586 0.9688524590163935 0.045019157088122604 0.05136612021857923
0 0.303639846743295 0.5978142076502733 0.040229885057471264 0.05245901639344262
0 0.4190613026819923 0.5863387978142076 0.039272030651340994 0.04480874316939891
0 0.4329501915708812 0.6366120218579235 0.053639846743295014 0.05573770491803279
0 0.4568965517241379 0.6770491803278689 0.036398467432950186 0.040437158469945354
0 0.5981800766283525 0.6032786885245902 0.039272030651340994 0.048087431693989074
0 0.6312260536398467 0.7229508196721312 0.040229885057471264 0.04918032786885246
0 0.7092911877394635 0.8136612021857923 0.07183908045977011 0.06885245901639345
0 0.8745210727969348 0.8688524590163934 0.07088122605363985 0.08524590163934426
