0 0.08477011494252873 0.00819672131147541 0.018199233716475093 0.012021857923497269
0 0.09865900383141762 0.015300546448087432 0.01532567049808429 0.015300546448087432
0 0.11781609195402298 0.02185792349726776 0.017241379310344827 0.013114754098360656
0 0.13505747126436782 0.027868852459016394 0.017241379310344827 0.018579234972677595
0 0.14942528735632182 0.03825136612021858 0.013409961685823753 0.013114754098360656
0 0.16522988505747124 0.04426229508196721 0.018199233716475093 0.01639344262295082
0 0.18199233716475094 0.054098360655737705 0.017241379310344827 0.018579234972677595
0 0.21886973180076627 0.06612021857923497 0.016283524904214558 0.014207650273224043
0 0.34386973180076624 0.08852459016393442 0.04597701149425287 0.034972677595628415
0 0.3850574712643678 0.08797814207650273 0.04597701149425287 0.040437158469945354
0 0.10201149425287356 0.07486338797814207 0.016283524904214558 0.01639344262295082
0 0.13170498084291188 0.09344262295081968 0.023946360153256702 0.025136612021857924
0 0.15469348659003831 0.1185792349726776 0.035440613026819924 0.0273224043715847
0 0.1867816091954023 0.13114754098360656 0.034482758620689655 0.028415300546448086
0 0.22844827586206895 0.14590163934426228 0.039272030651340994 0.03825136612021858
0 0.3189655172413793 0.17540983606557378 0.044061302681992334 0.04480874316939891
0 0.43917624521072796 0.14043715846994537 0.05268199233716475 0.036065573770491806
0 0.42959770114942525 0.20382513661202187 0.045019157088122604 0.04918032786885246
0 0.557471264367816 0.22185792349726777 0.04597701149425287 0.05245901639344262
0 0.7346743295019157 0.21530054644808744 0.044061302681992334 0.034972677595628415
0 0.6484674329501915 0.3371584699453552 0.08812260536398467 0.08415300546448087
0 0.6695402298850575 0.49781420765027323 0.07279693486590037 0.06448087431693988
0 0.6446360153256705 0.7098360655737704 0.11494252873563218 0.12786885245901639
0 0.6628352490421455 0.8163934426229508 0.07279693486590037 0.06994535519125683
0 0.660919540229885 0.9147540983606557 0.07854406130268199 0.08306010928961749
