0 0.3079501915708812 0.0633879781420765 0.07950191570881225 0.07431693989071038
0 0.3582375478927203 0.20655737704918034 0.09961685823754789 0.10710382513661203
0 0.40660919540229884 0.2639344262295082 0.05651340996168582 0.05792349726775956
0 0.44731800766283525 0.3377049180327869 0.06513409961685823 0.05683060109289617
0 0.20593869731800765 0.28032786885245903 0.07662835249042145 0.073224043715847
0 0.14415708812260536 0.3366120218579235 0.06034482758620689 0.05245901639344262
0 0.2136015325670498 0.4808743169398907 0.1111111111111111 0.09398907103825137
0 0.24233716475095785 0.5956284153005464 0.1264367816091954 0.11584699453551912
0 0.31178160919540227 0.8612021857923498 0.09865900383141762 0.1180327868852459
0 0.19588122605363983 0.9644808743169399 0.09674329501915709 0.06666666666666667
0 0.5589080459770115 0.5311475409836065 0.10632183908045977 0.1092896174863388
0 0.7844827586206896 0.5491803278688525 0.10153256704980843 0.11038251366120219
