0 0.013888888888888888 0.8327868852459016 0.027777777777777776 0.03278688524590164
0 0.05507662835249042 0.8540983606557377 0.035440613026819924 0.053551912568306013
0 0.10201149425287356 0.8683060109289618 0.037356321839080456 0.04480874316939891
0 0.05555555555555555 0.7360655737704918 0.034482758620689655 0.036065573770491806
0 0.32088122605363983 0.7836065573770492 0.053639846743295014 0.0546448087431694
0 0.39750957854406127 0.7273224043715847 0.053639846743295014 0.060109289617486336
0 0.45977011494252873 0.4901639344262295 0.05555555555555555 0.046994535519125684
0 0.10296934865900383 0.30327868852459017 0.023946360153256702 0.029508196721311476
0 0.18247126436781608 0.3109289617486339 0.05842911877394636 0.05136612021857923
0 0.20737547892720307 0.3584699453551913 0.05651340996168582 0.048087431693989074
0 0.514367816091954 0.29890710382513663 0.02490421455938697 0.0273224043715847
0 0.48180076628352486 0.26229508196721313 0.021072796934865898 0.024043715846994537
0 0.4846743295019157 0.23934426229508196 0.022988505747126436 0.017486338797814208
0 0.5004789272030651 0.2366120218579235 0.018199233716475093 0.014207650273224043
0 0.48515325670498083 0.22240437158469945 0.022030651340996167 0.0273224043715847
0 0.5014367816091954 0.22240437158469945 0.023946360153256702 0.018579234972677595
0 0.4272030651340996 0.1830601092896175 0.02490421455938697 0.018579234972677595
0 0.453544061302682 0.1808743169398907 0.02586206896551724 0.0273224043715847
0 0.4794061302681992 0.17540983606557378 0.02586206896551724 0.022950819672131147
0 0.8266283524904214 0.22295081967213115 0.028735632183908046 0.030601092896174863
0 0.8098659003831418 0.18961748633879782 0.033524904214559385 0.029508196721311476
0 0.7959770114942528 0.15901639344262294 0.026819923371647507 0.025136612021857924
0 0.7835249042145593 0.13333333333333333 0.022988505747126436 0.024043715846994537
