0 0.34770114942528735 0.0726775956284153 0.040229885057471264 0.033879781420765025
0 0.5186781609195402 0.12131147540983607 0.07950191570881225 0.07650273224043716
0 0.6489463601532567 0.07377049180327869 0.0871647509578544 0.060109289617486336
0 0.6149425287356322 0.1557377049180328 0.08045977011494253 0.07103825136612021
0 0.8687739463601533 0.23387978142076501 0.04980842911877394 0.048087431693989074
0 0.5119731800766283 0.31256830601092894 0.05459770114942528 0.04590163934426229
0 0.4837164750957854 0.3622950819672131 0.05747126436781609 0.05136612021857923
0 0.45641762452107276 0.41202185792349727 0.06226053639846743 0.05245901639344262
0 0.4281609195402299 0.4721311475409836 0.0632183908045977 0.0546448087431694
0 0.328544061302682 0.66775956284153 0.06513409961685823 0.06557377049180328
0 0.20833333333333331 0.914207650273224 0.05459770114942528 0.05792349726775956
0 0.685823754789272 0.33169398907103825 0.017241379310344827 0.01639344262295082
