0 0.11446360153256704 0.10655737704918032 0.016283524904214558 0.01639344262295082
0 0.14272030651340994 0.13114754098360656 0.01532567049808429 0.017486338797814208
0 0.16858237547892718 0.16120218579234974 0.017241379310344827 0.01639344262295082
0 0.26772030651340994 0.226775956284153 0.023946360153256702 0.022950819672131147
0 0.29454022988505746 0.173224043715847 0.02969348659003831 0.03169398907103825
0 0.592911877394636 0.17814207650273223 0.026819923371647507 0.03278688524590164
0 0.6489463601532567 0.1901639344262295 0.022030651340996167 0.02622950819672131
0 0.7045019157088123 0.22185792349726777 0.027777777777777776 0.030601092896174863
0 0.3807471264367816 0.2650273224043716 0.02586206896551724 0.018579234972677595
0 0.3529693486590038 0.3355191256830601 0.05459770114942528 0.04590163934426229
0 0.39703065134099613 0.3333333333333333 0.043103448275862065 0.048087431693989074
0 0.21264367816091953 0.4284153005464481 0.047892720306513405 0.0546448087431694
0 0.46599616858237547 0.4278688524590164 0.05268199233716475 0.06448087431693988
0 0.47174329501915707 0.4704918032786885 0.07375478927203065 0.07978142076502732
0 0.5272988505747126 0.45737704918032784 0.06992337164750957 0.08415300546448087
0 0.5225095785440613 0.512568306010929 0.06992337164750957 0.08306010928961749
0 0.5732758620689655 0.5060109289617486 0.05651340996168582 0.07650273224043716
0 0.5828544061302682 0.5519125683060109 0.06992337164750957 0.07868852459016393
0 0.6307471264367815 0.5502732240437158 0.06034482758620689 0.08415300546448087
0 0.6340996168582376 0.6054644808743169 0.06896551724137931 0.09398907103825137
