0 0.07958984375 0.6744791666666666 0.0595703125 0.1015625
0 0.13525390625 0.6380208333333333 0.0556640625 0.0859375
0 0.27099609375 0.5638020833333333 0.0478515625 0.0859375
0 0.32861328125 0.5416666666666666 0.0576171875 0.09114583333333333
0 0.45947265625 0.474609375 0.0537109375 0.08723958333333333
0 0.52978515625 0.4407552083333333 0.0576171875 0.09505208333333333
0 0.6044921875 0.3984375 0.037109375 0.06510416666666666
0 0.67333984375 0.369140625 0.0419921875 0.07942708333333333
0 0.810546875 0.2981770833333333 0.044921875 0.078125
0 0.8681640625 0.2688802083333333 0.041015625 0.061197916666666664
