0 0.36733716475095785 0.4666666666666667 0.06226053639846743 0.0633879781420765
0 0.7030651340996168 0.3360655737704918 0.042145593869731796 0.036065573770491806
0 0.7619731800766283 0.41420765027322404 0.039272030651340994 0.03715846994535519
0 0.44013409961685823 0.5081967213114754 0.06226053639846743 0.0633879781420765
0 0.4300766283524904 0.5754098360655737 0.04980842911877394 0.04262295081967213
0 0.5862068965517241 0.4644808743169399 0.05172413793103448 0.048087431693989074
0 0.5747126436781609 0.5912568306010929 0.053639846743295014 0.05027322404371585
0 0.5814176245210728 0.651912568306011 0.05172413793103448 0.04918032786885246
0 0.7380268199233716 0.4961748633879781 0.05459770114942528 0.0633879781420765
0 0.7341954022988505 0.5797814207650274 0.07183908045977011 0.06448087431693988
0 0.7409003831417624 0.6666666666666666 0.07758620689655173 0.07868852459016393
0 0.8855363984674329 0.5076502732240438 0.05842911877394636 0.07103825136612021
0 0.907088122605364 0.5901639344262295 0.06704980842911877 0.06775956284153005
0 0.893199233716475 0.6704918032786885 0.06992337164750957 0.06885245901639345
0 0.8103448275862069 0.5038251366120219 0.0632183908045977 0.06120218579234973
