0 0.782088122605364 0.13224043715846995 0.020114942528735632 0.02185792349726776
0 0.796455938697318 0.15956284153005465 0.022030651340996167 0.019672131147540982
0 0.8093869731800766 0.1885245901639344 0.032567049808429116 0.0273224043715847
0 0.8271072796934865 0.22404371584699453 0.023946360153256702 0.02185792349726776
0 0.42863984674329497 0.1830601092896175 0.020114942528735632 0.01639344262295082
0 0.4525862068965517 0.1814207650273224 0.02586206896551724 0.019672131147540982
0 0.4794061302681992 0.17595628415300546 0.02586206896551724 0.017486338797814208
0 0.48515325670498083 0.22131147540983606 0.022030651340996167 0.018579234972677595
0 0.5014367816091954 0.22568306010928962 0.02586206896551724 0.01639344262295082
0 0.49952107279693486 0.2360655737704918 0.023946360153256702 0.015300546448087432
0 0.4870689655172414 0.24098360655737705 0.027777777777777776 0.020765027322404372
0 0.48227969348659 0.26229508196721313 0.020114942528735632 0.019672131147540982
0 0.5148467432950191 0.3 0.02586206896551724 0.022950819672131147
0 0.10201149425287356 0.3043715846994536 0.023946360153256702 0.0273224043715847
0 0.18055555555555555 0.31366120218579235 0.05842911877394636 0.05027322404371585
0 0.2054597701149425 0.3590163934426229 0.05651340996168582 0.05136612021857923
0 0.45881226053639845 0.4918032786885246 0.05172413793103448 0.048087431693989074
0 0.3946360153256705 0.7273224043715847 0.053639846743295014 0.060109289617486336
0 0.321360153256705 0.7852459016393443 0.05268199233716475 0.053551912568306013
0 0.053639846743295014 0.733879781420765 0.034482758620689655 0.036065573770491806
0 0.014846743295019156 0.83224043715847 0.033524904214559385 0.036065573770491806
0 0.05411877394636015 0.8546448087431694 0.033524904214559385 0.05027322404371585
0 0.10153256704980843 0.8655737704918033 0.036398467432950186 0.04371584699453552
