0 0.5986590038314176 0.1005464480874317 0.034482758620689655 0.03715846994535519
0 0.6867816091954022 0.07486338797814207 0.05172413793103448 0.04262295081967213
0 0.3132183908045977 0.19562841530054645 0.040229885057471264 0.03715846994535519
0 0.28975095785440613 0.22185792349726777 0.039272030651340994 0.03715846994535519
0 0.2686781609195402 0.24918032786885247 0.02969348659003831 0.024043715846994537
0 0.3769157088122605 0.2360655737704918 0.043103448275862065 0.03278688524590164
0 0.3457854406130268 0.3038251366120219 0.026819923371647507 0.028415300546448086
0 0.4118773946360153 0.34098360655737703 0.053639846743295014 0.048087431693989074
0 0.4779693486590038 0.3907103825136612 0.040229885057471264 0.033879781420765025
0 0.8596743295019157 0.26994535519125684 0.027777777777777776 0.02185792349726776
0 0.8481800766283525 0.2792349726775956 0.022030651340996167 0.020765027322404372
0 0.8472222222222222 0.2939890710382514 0.027777777777777776 0.02185792349726776
0 0.8409961685823755 0.30983606557377047 0.026819923371647507 0.0273224043715847
0 0.3443486590038314 0.5010928961748634 0.02969348659003831 0.03169398907103825
0 0.29454022988505746 0.5989071038251366 0.035440613026819924 0.028415300546448086
0 0.21551724137931033 0.6076502732240437 0.026819923371647507 0.02622950819672131
0 0.1618773946360153 0.746448087431694 0.026819923371647507 0.028415300546448086
0 0.17193486590038312 0.7672131147540984 0.02969348659003831 0.039344262295081964
0 0.1772030651340996 0.8038251366120218 0.034482758620689655 0.04262295081967213
0 0.12739463601532566 0.8677595628415301 0.028735632183908046 0.041530054644808745
0 0.08955938697318007 0.9180327868852459 0.037356321839080456 0.04371584699453552
0 0.04741379310344827 0.9595628415300547 0.04118773946360153 0.048087431693989074
0 0.685823754789272 0.4972677595628415 0.028735632183908046 0.02622950819672131
0 0.671455938697318 0.5229508196721312 0.042145593869731796 0.033879781420765025
0 0.6494252873563218 0.5606557377049181 0.032567049808429116 0.03278688524590164
0 0.7744252873563218 0.5759562841530055 0.04118773946360153 0.034972677595628415
0 0.7495210727969348 0.6098360655737705 0.037356321839080456 0.039344262295081964
0 0.728927203065134 0.6710382513661202 0.04597701149425287 0.06557377049180328
0 0.6920498084291188 0.7054644808743169 0.04118773946360153 0.04262295081967213
0 0.6800766283524904 0.7612021857923498 0.038314176245210725 0.040437158469945354
0 0.6398467432950191 0.7699453551912568 0.040229885057471264 0.040437158469945354
0 0.625 0.8475409836065574 0.039272030651340994 0.04480874316939891
0 0.6068007662835249 0.8907103825136612 0.03160919540229885 0.048087431693989074
0 0.5795019157088123 0.9371584699453552 0.042145593869731796 0.053551912568306013
0 0.5593869731800766 0.9748633879781421 0.032567049808429116 0.03715846994535519
0 0.4837164750957854 0.8879781420765027 0.04980842911877394 0.05792349726775956
0 0.4248084291187739 0.846448087431694 0.037356321839080456 0.04480874316939891
0 0.4032567049808429 0.8846994535519126 0.03065134099616858 0.03825136612021858
0 0.3931992337164751 0.9218579234972678 0.037356321839080456 0.040437158469945354
0 0.3639846743295019 0.9508196721311475 0.047892720306513405 0.0546448087431694
0 0.41475095785440613 0.9846994535519126 0.044061302681992334 0.030601092896174863
