0 0.32567049808429116 0.06284153005464481 0.06896551724137931 0.0907103825136612
0 0.26532567049808425 0.27759562841530055 0.08045977011494253 0.08961748633879782
0 0.2318007662835249 0.5147540983606558 0.07662835249042145 0.08524590163934426
0 0.2950191570881226 0.5382513661202186 0.08237547892720307 0.10382513661202186
0 0.4540229885057471 0.226775956284153 0.0632183908045977 0.07103825136612021
0 0.4731800766283525 0.2972677595628415 0.09003831417624521 0.07650273224043716
0 0.632183908045977 0.23442622950819672 0.04597701149425287 0.04918032786885246
0 0.643199233716475 0.28743169398907104 0.05459770114942528 0.05027322404371585
0 0.6494252873563218 0.34098360655737703 0.05747126436781609 0.05901639344262295
0 0.6575670498084291 0.39289617486338796 0.05459770114942528 0.04918032786885246
0 0.6958812260536398 0.10327868852459017 0.05268199233716475 0.05573770491803279
0 0.7121647509578544 0.14808743169398908 0.048850574712643674 0.04480874316939891
0 0.7265325670498084 0.2005464480874317 0.05459770114942528 0.05136612021857923
0 0.8706896551724137 0.20327868852459016 0.028735632183908046 0.03278688524590164
0 0.9090038314176244 0.37103825136612023 0.05172413793103448 0.053551912568306013
0 0.2624521072796935 0.753551912568306 0.05172413793103448 0.06885245901639345
0 0.26915708812260536 0.8595628415300547 0.053639846743295014 0.07103825136612021
0 0.43773946360153254 0.7284153005464481 0.05747126436781609 0.07103825136612021
0 0.4272030651340996 0.8530054644808743 0.047892720306513405 0.073224043715847
