0 0.30923507462686567 0.03715846994535519 0.036380597014925374 0.030601092896174863
0 0.3041044776119403 0.09836065573770492 0.029850746268656716 0.028415300546448086
0 0.30457089552238803 0.18633879781420765 0.030783582089552237 0.0273224043715847
0 0.30457089552238803 0.23442622950819672 0.030783582089552237 0.03169398907103825
0 0.30736940298507465 0.28524590163934427 0.03264925373134328 0.034972677595628415
0 0.3064365671641791 0.34098360655737703 0.030783582089552237 0.03278688524590164
0 0.30736940298507465 0.4016393442622951 0.027052238805970148 0.025136612021857924
0 0.30783582089552236 0.5459016393442623 0.03171641791044776 0.036065573770491806
0 0.31156716417910446 0.7344262295081967 0.03917910447761194 0.048087431693989074
0 0.3675373134328358 0.4994535519125683 0.03544776119402985 0.048087431693989074
0 0.4183768656716418 0.3644808743169399 0.043843283582089554 0.040437158469945354
0 0.44776119402985076 0.5431693989071038 0.05223880597014925 0.05683060109289617
0 0.47154850746268656 0.7377049180327869 0.043843283582089554 0.04590163934426229
