0 0.33141762452107276 0.5934426229508196 0.044061302681992334 0.04371584699453552
0 0.3931992337164751 0.5316939890710383 0.033524904214559385 0.033879781420765025
0 0.36015325670498083 0.4666666666666667 0.022988505747126436 0.02622950819672131
0 0.3955938697318008 0.473224043715847 0.028735632183908046 0.024043715846994537
0 0.443007662835249 0.4191256830601093 0.022030651340996167 0.01639344262295082
0 0.45306513409961685 0.4524590163934426 0.026819923371647507 0.030601092896174863
0 0.4889846743295019 0.4448087431693989 0.018199233716475093 0.02185792349726776
0 0.4832375478927203 0.46830601092896174 0.020114942528735632 0.020765027322404372
0 0.4612068965517241 0.48797814207650275 0.02586206896551724 0.025136612021857924
0 0.4372605363984674 0.5092896174863388 0.033524904214559385 0.028415300546448086
0 0.6795977011494253 0.6754098360655738 0.06226053639846743 0.041530054644808745
