0 0.7416044776119403 0.16393442622950818 0.055970149253731345 0.05245901639344262
0 0.726679104477612 0.28743169398907104 0.06529850746268656 0.06775956284153005
0 0.4528917910447761 0.36010928961748634 0.041977611940298504 0.04918032786885246
0 0.4155783582089552 0.11748633879781421 0.051305970149253734 0.05573770491803279
0 0.3148320895522388 0.05901639344262295 0.04011194029850746 0.039344262295081964
0 0.20615671641791045 0.1650273224043716 0.022388059701492536 0.02622950819672131
0 0.09934701492537314 0.907103825136612 0.043843283582089554 0.06775956284153005
0 0.15671641791044777 0.9109289617486339 0.041044776119402986 0.06885245901639345
0 0.1814365671641791 0.8644808743169399 0.06436567164179105 0.07650273224043716
0 0.29384328358208955 0.8448087431693989 0.0708955223880597 0.07650273224043716
0 0.3376865671641791 0.8344262295081967 0.055970149253731345 0.06229508196721312
0 0.32975746268656714 0.8989071038251366 0.06436567164179105 0.08633879781420765
