0 0.2418582375478927 0.7688524590163934 0.05651340996168582 0.06229508196721312
0 0.35584291187739464 0.6344262295081967 0.05459770114942528 0.05573770491803279
0 0.5775862068965517 0.6360655737704918 0.05747126436781609 0.05901639344262295
0 0.664272030651341 0.48797814207650275 0.04693486590038314 0.04918032786885246
0 0.71455938697318 0.46174863387978143 0.026819923371647507 0.022950819672131147
0 0.6915708812260536 0.3885245901639344 0.026819923371647507 0.029508196721311476
0 0.7337164750957854 0.3830601092896175 0.022988505747126436 0.022950819672131147
0 0.7504789272030651 0.39672131147540984 0.022030651340996167 0.02622950819672131
0 0.7432950191570881 0.3344262295081967 0.02490421455938697 0.019672131147540982
0 0.7739463601532567 0.35628415300546445 0.022988505747126436 0.02185792349726776
0 0.7849616858237547 0.292896174863388 0.022030651340996167 0.019672131147540982
0 0.46886973180076624 0.25901639344262295 0.035440613026819924 0.039344262295081964
0 0.49712643678160917 0.3584699453551913 0.04597701149425287 0.039344262295081964
0 0.4707854406130268 0.3808743169398907 0.037356321839080456 0.033879781420765025
0 0.446360153256705 0.4103825136612022 0.034482758620689655 0.0273224043715847
0 0.43342911877394635 0.4262295081967213 0.03160919540229885 0.03278688524590164
0 0.4693486590038314 0.4382513661202186 0.04597701149425287 0.041530054644808745
0 0.4904214559386973 0.4273224043715847 0.047892720306513405 0.039344262295081964
0 0.4248084291187739 0.3628415300546448 0.02586206896551724 0.024043715846994537
0 0.4003831417624521 0.36775956284153005 0.034482758620689655 0.040437158469945354
0 0.3697318007662835 0.3797814207650273 0.036398467432950186 0.036065573770491806
0 0.29885057471264365 0.5087431693989071 0.04597701149425287 0.05136612021857923
0 0.26772030651340994 0.5229508196721312 0.033524904214559385 0.036065573770491806
0 0.07327586206896551 0.8513661202185793 0.02586206896551724 0.028415300546448086
0 0.09674329501915709 0.8786885245901639 0.021072796934865898 0.02622950819672131
