0 0.06609195402298851 0.5852459016393443 0.07279693486590037 0.08196721311475409
0 0.14128352490421456 0.566120218579235 0.06992337164750957 0.08306010928961749
0 0.21599616858237547 0.5475409836065573 0.05268199233716475 0.0633879781420765
0 0.28879310344827586 0.5229508196721312 0.06800766283524903 0.07540983606557378
0 0.36063218390804597 0.5010928961748634 0.05459770114942528 0.06229508196721312
0 0.7916666666666666 0.3885245901639344 0.10249042145593869 0.10601092896174863
0 0.9228927203065134 0.6316939890710382 0.1139846743295019 0.13114754098360656
0 0.6350574712643677 0.7207650273224043 0.11494252873563218 0.13879781420765028
0 0.5129310344827586 0.7568306010928961 0.06992337164750957 0.07540983606557378
0 0.43103448275862066 0.7737704918032787 0.07279693486590037 0.10273224043715846
0 0.3505747126436781 0.7950819672131147 0.07279693486590037 0.0907103825136612
0 0.2648467432950191 0.8103825136612022 0.07375478927203065 0.07759562841530054
0 0.18247126436781608 0.8398907103825136 0.07950191570881225 0.08196721311475409
0 0.09530651340996169 0.8721311475409836 0.07567049808429119 0.09180327868852459
