0 0.40158582089552236 0.029508196721311476 0.03824626865671642 0.03278688524590164
0 0.39832089552238803 0.07103825136612021 0.055970149253731345 0.048087431693989074
0 0.40904850746268656 0.10546448087431694 0.036380597014925374 0.0273224043715847
0 0.3162313432835821 0.22131147540983606 0.04291044776119403 0.036065573770491806
0 0.31949626865671643 0.25792349726775954 0.036380597014925374 0.03715846994535519
0 0.32136194029850745 0.30491803278688523 0.036380597014925374 0.03278688524590164
0 0.3269589552238806 0.5765027322404371 0.030783582089552237 0.04262295081967213
0 0.3264925373134328 0.639344262295082 0.033582089552238806 0.04590163934426229
0 0.3255597014925373 0.7087431693989071 0.033582089552238806 0.04480874316939891
0 0.3316231343283582 0.8491803278688524 0.023320895522388058 0.02622950819672131
0 0.333955223880597 0.9273224043715848 0.027985074626865673 0.029508196721311476
