0 0.1303763440860215 0.7640364188163885 0.04032258064516129 0.06525037936267071
0 0.2585125448028674 0.4757207890743551 0.027777777777777776 0.04704097116843703
0 0.278673835125448 0.44309559939301973 0.023297491039426525 0.03945371775417299
0 0.29659498207885304 0.41047040971168436 0.023297491039426525 0.03490136570561457
0 0.31765232974910396 0.374051593323217 0.025985663082437275 0.04400606980273141
0 0.33512544802867383 0.26176024279210924 0.026881720430107527 0.05311077389984826
0 0.3673835125448029 0.26176024279210924 0.03046594982078853 0.05311077389984826
0 0.396505376344086 0.2268588770864947 0.025985663082437275 0.04704097116843703
0 0.41397849462365593 0.18816388467374812 0.025089605734767026 0.048558421851289835
0 0.4359318996415771 0.15326251896813353 0.025985663082437275 0.048558421851289835
0 0.38933691756272404 0.05083459787556904 0.033154121863799284 0.06828528072837634
0 0.4099462365591398 0.02503793626707132 0.02060931899641577 0.04400606980273141
0 0.2199820788530466 0.7685887708649469 0.036738351254480286 0.05614567526555387
0 0.24372759856630824 0.7245827010622155 0.03225806451612903 0.05918057663125949
0 0.2661290322580645 0.6858877086494689 0.03763440860215054 0.05766312594840668
0 0.2916666666666667 0.6449165402124432 0.036738351254480286 0.054628224582701064
0 0.2970430107526882 0.6957511380880121 0.033154121863799284 0.05311077389984826
0 0.3203405017921147 0.6047040971168437 0.033154121863799284 0.05918057663125949
0 0.3481182795698925 0.6001517450682853 0.036738351254480286 0.05614567526555387
0 0.34543010752688175 0.5493171471927163 0.033154121863799284 0.05766312594840668
0 0.37410394265232977 0.5508345978755691 0.02956989247311828 0.054628224582701064
0 0.3732078853046595 0.4946889226100152 0.03136200716845878 0.05766312594840668
0 0.3978494623655914 0.4992412746585736 0.03225806451612903 0.06069802731411229
0 0.41084229390681004 0.42412746585735966 0.02956989247311828 0.05614567526555387
0 0.5112007168458781 0.2905918057663126 0.05465949820788531 0.09256449165402125
0 0.5362903225806451 0.22306525037936267 0.03494623655913978 0.054628224582701064
0 0.5586917562724014 0.1828528072837633 0.03494623655913978 0.05614567526555387
0 0.5770609318996416 0.13657056145675267 0.02867383512544803 0.048558421851289835
0 0.6187275985663082 0.06752655538694993 0.03136200716845878 0.05614567526555387
0 0.6509856630824373 0.03414264036418817 0.042114695340501794 0.06828528072837634
0 0.6796594982078853 0.19044006069802732 0.027777777777777776 0.05311077389984826
0 0.6523297491039427 0.2549317147192716 0.03763440860215054 0.0637329286798179
0 0.4350358422939068 0.6289833080424886 0.03136200716845878 0.05614567526555387
0 0.4090501792114695 0.6980273141122914 0.0456989247311828 0.07283763277693475
0 0.3790322580645161 0.7534142640364189 0.04121863799283154 0.07435508345978756
0 0.3485663082437276 0.8034901365705615 0.03942652329749104 0.06828528072837634
0 0.3154121863799283 0.8573596358118362 0.044802867383512544 0.07587253414264036
0 0.7629928315412187 0.3550834597875569 0.033154121863799284 0.051593323216995446
0 0.6586021505376344 0.5455235204855843 0.03225806451612903 0.05007587253414264
