0 0.6920498084291188 0.8185792349726776 0.03160919540229885 0.03715846994535519
0 0.7121647509578544 0.7967213114754098 0.03160919540229885 0.039344262295081964
0 0.7782567049808429 0.7693989071038252 0.02586206896551724 0.030601092896174863
0 0.6666666666666666 0.6693989071038251 0.034482758620689655 0.04480874316939891
0 0.5986590038314176 0.6371584699453552 0.028735632183908046 0.03278688524590164
0 0.546455938697318 0.587431693989071 0.027777777777777776 0.033879781420765025
0 0.48275862068965514 0.6306010928961748 0.028735632183908046 0.039344262295081964
0 0.6120689655172413 0.5519125683060109 0.040229885057471264 0.039344262295081964
0 0.4612068965517241 0.3404371584699454 0.09482758620689655 0.07540983606557378
0 0.6024904214559387 0.28743169398907104 0.07662835249042145 0.07650273224043716
0 0.5191570881226053 0.4524590163934426 0.08237547892720307 0.07213114754098361
0 0.6240421455938697 0.47759562841530057 0.08141762452107279 0.09398907103825137
0 0.6613984674329502 0.6103825136612022 0.07950191570881225 0.0907103825136612
0 0.7188697318007663 0.5431693989071038 0.07567049808429119 0.08961748633879782
0 0.7705938697318008 0.6459016393442623 0.07567049808429119 0.09836065573770492
0 0.8299808429118773 0.7344262295081967 0.08333333333333333 0.11147540983606558
0 0.7341954022988505 0.46830601092896174 0.07183908045977011 0.08196721311475409
0 0.7863984674329502 0.5442622950819672 0.09003831417624521 0.09836065573770492
0 0.8405172413793103 0.6267759562841531 0.07758620689655173 0.07978142076502732
0 0.8941570881226053 0.7021857923497268 0.07567049808429119 0.09289617486338798
0 0.28496168582375475 0.12568306010928962 0.023946360153256702 0.02622950819672131
0 0.3113026819923371 0.11202185792349727 0.022988505747126436 0.03169398907103825
0 0.3366858237547893 0.09562841530054644 0.022030651340996167 0.020765027322404372
0 0.36637931034482757 0.08360655737704918 0.03160919540229885 0.036065573770491806
0 0.34051724137931033 0.04644808743169399 0.02586206896551724 0.0273224043715847
0 0.31513409961685823 0.058469945355191254 0.026819923371647507 0.022950819672131147
0 0.26436781609195403 0.08907103825136611 0.022988505747126436 0.020765027322404372
0 0.1532567049808429 0.01912568306010929 0.06896551724137931 0.036065573770491806
