0 0.7686567164179104 0.2792349726775956 0.07462686567164178 0.07978142076502732
0 0.6730410447761194 0.4005464480874317 0.15391791044776118 0.15628415300546447
0 0.5466417910447761 0.17595628415300546 0.055970149253731345 0.05683060109289617
0 0.49906716417910446 0.2087431693989071 0.055970149253731345 0.05683060109289617
0 0.4421641791044776 0.25901639344262295 0.06529850746268656 0.07213114754098361
0 0.35261194029850745 0.292896174863388 0.11007462686567164 0.1180327868852459
0 0.2887126865671642 0.3737704918032787 0.06996268656716417 0.07213114754098361
0 0.2728544776119403 0.7404371584699454 0.1296641791044776 0.16065573770491803
0 0.12639925373134328 0.8666666666666667 0.1259328358208955 0.17049180327868851
0 0.041977611940298504 0.5901639344262295 0.03171641791044776 0.04590163934426229
0 0.0853544776119403 0.5497267759562842 0.03451492537313433 0.03715846994535519
