0 0.37173507462686567 0.00819672131147541 0.012126865671641791 0.012021857923497269
0 0.375 0.01639344262295082 0.016791044776119403 0.013114754098360656
0 0.3805970149253731 0.025683060109289616 0.014925373134328358 0.014207650273224043
0 0.3969216417910448 0.06666666666666667 0.01585820895522388 0.017486338797814208
0 0.40345149253731344 0.08524590163934426 0.01585820895522388 0.015300546448087432
0 0.40764925373134325 0.09672131147540984 0.018656716417910446 0.01639344262295082
0 0.41651119402985076 0.1431693989071038 0.01585820895522388 0.015300546448087432
0 0.43889925373134325 0.19617486338797815 0.021455223880597014 0.022950819672131147
0 0.4650186567164179 0.18360655737704917 0.01958955223880597 0.015300546448087432
0 0.4468283582089552 0.21584699453551912 0.020522388059701493 0.018579234972677595
0 0.45802238805970147 0.24699453551912567 0.020522388059701493 0.02185792349726776
0 0.46548507462686567 0.26612021857923496 0.016791044776119403 0.01639344262295082
0 0.4729477611940298 0.2836065573770492 0.014925373134328358 0.020765027322404372
0 0.4808768656716418 0.29890710382513663 0.023320895522388058 0.025136612021857924
0 0.42957089552238803 0.3016393442622951 0.027052238805970148 0.024043715846994537
0 0.43796641791044777 0.015300546448087432 0.017723880597014924 0.015300546448087432
0 0.44402985074626866 0.025683060109289616 0.014925373134328358 0.01639344262295082
0 0.4514925373134328 0.03715846994535519 0.022388059701492536 0.017486338797814208
0 0.4724813432835821 0.025683060109289616 0.01958955223880597 0.014207650273224043
0 0.5732276119402985 0.03879781420765027 0.017723880597014924 0.01639344262295082
0 0.5303171641791045 0.07650273224043716 0.017723880597014924 0.015300546448087432
0 0.5471082089552238 0.06994535519125683 0.01958955223880597 0.013114754098360656
0 0.5611007462686567 0.06174863387978142 0.021455223880597014 0.014207650273224043
0 0.5769589552238806 0.055191256830601096 0.013992537313432836 0.014207650273224043
0 0.628731343283582 0.18032786885245902 0.018656716417910446 0.017486338797814208
0 0.6352611940298507 0.19726775956284154 0.018656716417910446 0.020765027322404372
0 0.6226679104477612 0.3256830601092896 0.049440298507462684 0.05683060109289617
0 0.53125 0.32295081967213113 0.025186567164179104 0.020765027322404372
0 0.5410447761194029 0.37595628415300547 0.033582089552238806 0.024043715846994537
0 0.5186567164179104 0.3918032786885246 0.020522388059701493 0.025136612021857924
0 0.5555037313432836 0.38688524590163936 0.028917910447761194 0.028415300546448086
0 0.5811567164179104 0.38907103825136613 0.024253731343283583 0.019672131147540982
0 0.6417910447761194 0.4131147540983607 0.024253731343283583 0.02185792349726776
0 0.5317164179104478 0.42349726775956287 0.04477611940298507 0.03825136612021858
0 0.5331156716417911 0.4524590163934426 0.025186567164179104 0.024043715846994537
0 0.5452425373134329 0.46939890710382515 0.023320895522388058 0.022950819672131147
0 0.5517723880597015 0.4819672131147541 0.027052238805970148 0.024043715846994537
0 0.5872201492537313 0.4633879781420765 0.021455223880597014 0.02622950819672131
0 0.5699626865671642 0.45464480874316937 0.07835820895522388 0.05901639344262295
0 0.8768656716417911 0.7295081967213115 0.05970149253731343 0.06666666666666667
0 0.7691231343283582 0.8120218579234972 0.036380597014925374 0.04590163934426229
0 0.5466417910447761 0.012021857923497269 0.013059701492537313 0.013114754098360656
