0 0.2462686567164179 0.4054644808743169 0.024253731343283583 0.024043715846994537
0 0.08908582089552239 0.6530054644808743 0.01958955223880597 0.025136612021857924
0 0.09841417910447761 0.6912568306010929 0.01958955223880597 0.029508196721311476
0 0.10167910447761194 0.7153005464480874 0.016791044776119403 0.020765027322404372
0 0.2462686567164179 0.5907103825136611 0.026119402985074626 0.040437158469945354
0 0.25699626865671643 0.6136612021857923 0.030783582089552237 0.04480874316939891
0 0.30923507462686567 0.4639344262295082 0.017723880597014924 0.01639344262295082
0 0.31296641791044777 0.47704918032786886 0.017723880597014924 0.018579234972677595
0 0.31902985074626866 0.49398907103825135 0.016791044776119403 0.02185792349726776
0 0.33582089552238803 0.49836065573770494 0.024253731343283583 0.02185792349726776
0 0.3185634328358209 0.44808743169398907 0.01585820895522388 0.017486338797814208
0 0.3316231343283582 0.44043715846994536 0.01585820895522388 0.017486338797814208
0 0.3638059701492537 0.4245901639344262 0.018656716417910446 0.01639344262295082
0 0.40764925373134325 0.45956284153005467 0.022388059701492536 0.025136612021857924
0 0.40298507462686567 0.4092896174863388 0.022388059701492536 0.025136612021857924
0 0.42257462686567165 0.3978142076502732 0.022388059701492536 0.019672131147540982
0 0.44029850746268656 0.3901639344262295 0.018656716417910446 0.024043715846994537
0 0.4650186567164179 0.37595628415300547 0.021455223880597014 0.02185792349726776
0 0.5158582089552238 0.34863387978142074 0.020522388059701493 0.02622950819672131
0 0.5340485074626865 0.3841530054644809 0.025186567164179104 0.020765027322404372
0 0.585820895522388 0.3043715846994536 0.033582089552238806 0.033879781420765025
