0 0.4324712643678161 0.2890710382513661 0.043103448275862065 0.046994535519125684
0 0.24377394636015323 0.43333333333333335 0.05459770114942528 0.06448087431693988
0 0.2590996168582375 0.473224043715847 0.05651340996168582 0.06557377049180328
0 0.30268199233716475 0.48633879781420764 0.07471264367816091 0.08524590163934426
0 0.2476053639846743 0.7650273224043715 0.04693486590038314 0.05901639344262295
0 0.2777777777777778 0.8601092896174863 0.044061302681992334 0.05245901639344262
0 0.3237547892720306 0.8300546448087431 0.05555555555555555 0.07978142076502732
0 0.34099616858237547 0.905464480874317 0.026819923371647507 0.040437158469945354
0 0.3955938697318008 0.8136612021857923 0.02490421455938697 0.03825136612021858
0 0.5191570881226053 0.5038251366120219 0.02490421455938697 0.028415300546448086
0 0.5737547892720306 0.40765027322404374 0.032567049808429116 0.03278688524590164
0 0.6829501915708812 0.38579234972677595 0.02490421455938697 0.024043715846994537
0 0.628831417624521 0.32021857923497266 0.037356321839080456 0.028415300546448086
0 0.7461685823754789 0.12131147540983607 0.044061302681992334 0.039344262295081964
0 0.5876436781609196 0.040983606557377046 0.02586206896551724 0.022950819672131147
