0 0.8338122605363985 0.09726775956284153 0.10249042145593869 0.05683060109289617
0 0.2418582375478927 0.31693989071038253 0.04693486590038314 0.05027322404371585
0 0.28304597701149425 0.30983606557377047 0.043103448275862065 0.04918032786885246
0 0.31752873563218387 0.3005464480874317 0.037356321839080456 0.05027322404371585
0 0.2332375478927203 0.4382513661202186 0.05651340996168582 0.05683060109289617
0 0.2361111111111111 0.48743169398907105 0.05268199233716475 0.048087431693989074
0 0.17672413793103448 0.5939890710382514 0.048850574712643674 0.046994535519125684
0 0.18295019157088122 0.6284153005464481 0.05555555555555555 0.03715846994535519
0 0.22413793103448273 0.6540983606557377 0.04597701149425287 0.04918032786885246
0 0.2801724137931034 0.6836065573770492 0.05459770114942528 0.04918032786885246
0 0.26101532567049807 0.739344262295082 0.048850574712643674 0.04918032786885246
0 0.24521072796934865 0.7830601092896174 0.04597701149425287 0.05573770491803279
0 0.25047892720306514 0.8748633879781421 0.05268199233716475 0.07540983606557378
0 0.36015325670498083 0.5825136612021858 0.05747126436781609 0.07431693989071038
0 0.37068965517241376 0.5371584699453552 0.05172413793103448 0.05573770491803279
0 0.403735632183908 0.5382513661202186 0.048850574712643674 0.05792349726775956
0 0.4396551724137931 0.5349726775956284 0.05172413793103448 0.07103825136612021
0 0.45737547892720304 0.5060109289617486 0.05076628352490421 0.05245901639344262
0 0.35105363984674326 0.6710382513661202 0.06417624521072797 0.05683060109289617
0 0.37452107279693486 0.7016393442622951 0.0632183908045977 0.07868852459016393
0 0.37739463601532564 0.766120218579235 0.05747126436781609 0.06775956284153005
0 0.4521072796934866 0.6584699453551912 0.05747126436781609 0.07540983606557378
0 0.4990421455938697 0.6530054644808743 0.047892720306513405 0.06448087431693988
