0 0.057369402985074626 0.7065573770491803 0.04011194029850746 0.04918032786885246
0 0.18936567164179105 0.6316939890710382 0.03917910447761194 0.048087431693989074
0 0.25093283582089554 0.5918032786885246 0.03917910447761194 0.04918032786885246
0 0.30923507462686567 0.5562841530054645 0.03451492537313433 0.04371584699453552
0 0.37080223880597013 0.521311475409836 0.04011194029850746 0.04590163934426229
0 0.7677238805970149 0.28087431693989073 0.055970149253731345 0.06120218579234973
0 0.11613805970149253 0.8874316939890711 0.0830223880597015 0.1005464480874317
0 0.20708955223880596 0.8437158469945355 0.05783582089552239 0.08524590163934426
0 0.2849813432835821 0.7775956284153005 0.08115671641791045 0.10601092896174863
0 0.6161380597014925 0.5808743169398907 0.0792910447761194 0.09289617486338798
