0 0.1278735632183908 0.24316939890710382 0.04118773946360153 0.03169398907103825
0 0.1613984674329502 0.32786885245901637 0.037356321839080456 0.039344262295081964
0 0.28975095785440613 0.3185792349726776 0.05268199233716475 0.05136612021857923
0 0.3342911877394636 0.17704918032786884 0.047892720306513405 0.030601092896174863
0 0.33812260536398464 0.21147540983606558 0.042145593869731796 0.03169398907103825
0 0.5828544061302682 0.25519125683060107 0.05076628352490421 0.05573770491803279
0 0.4454022988505747 0.36830601092896176 0.07088122605363985 0.0546448087431694
0 0.5454980842911877 0.41857923497267757 0.05459770114942528 0.0546448087431694
0 0.4046934865900383 0.45136612021857925 0.048850574712643674 0.0633879781420765
0 0.2825670498084291 0.48633879781420764 0.047892720306513405 0.05245901639344262
0 0.2207854406130268 0.5021857923497268 0.04693486590038314 0.053551912568306013
0 0.15469348659003831 0.5158469945355191 0.048850574712643674 0.05683060109289617
0 0.18295019157088122 0.8568306010928962 0.05938697318007662 0.08087431693989071
0 0.4090038314176245 0.7890710382513662 0.06130268199233716 0.07868852459016393
0 0.7011494252873562 0.7180327868852459 0.05938697318007662 0.07431693989071038
