0 0.6291977611940298 0.02896174863387978 0.03451492537313433 0.029508196721311476
0 0.6949626865671642 0.03333333333333333 0.027985074626865673 0.022950819672131147
0 0.6044776119402985 0.14863387978142076 0.03544776119402985 0.024043715846994537
0 0.59375 0.2103825136612022 0.03451492537313433 0.025136612021857924
0 0.5909514925373134 0.24371584699453552 0.036380597014925374 0.02622950819672131
0 0.5825559701492538 0.2994535519125683 0.05690298507462686 0.0546448087431694
0 0.5727611940298507 0.37540983606557377 0.07835820895522388 0.073224043715847
0 0.5690298507462687 0.45792349726775955 0.10634328358208955 0.08524590163934426
0 0.5541044776119403 0.5524590163934426 0.07276119402985075 0.08852459016393442
0 0.5555037313432836 0.6442622950819672 0.09794776119402984 0.09289617486338798
0 0.5363805970149254 0.7502732240437159 0.08022388059701492 0.07978142076502732
0 0.5125932835820896 0.9743169398907103 0.11847014925373134 0.04918032786885246
