0 0.06800766283524903 0.36885245901639346 0.038314176245210725 0.029508196721311476
0 0.05459770114942528 0.419672131147541 0.034482758620689655 0.03278688524590164
0 0.24616858237547892 0.3644808743169399 0.038314176245210725 0.03825136612021858
0 0.217911877394636 0.3983606557377049 0.043103448275862065 0.036065573770491806
0 0.19923371647509577 0.4382513661202186 0.040229885057471264 0.03715846994535519
0 0.18917624521072796 0.4896174863387978 0.043103448275862065 0.039344262295081964
0 0.10488505747126436 0.6224043715846994 0.048850574712643674 0.04918032786885246
0 0.3065134099616858 0.3513661202185792 0.038314176245210725 0.03169398907103825
0 0.3433908045977011 0.28743169398907104 0.037356321839080456 0.034972677595628415
0 0.342911877394636 0.5480874316939891 0.040229885057471264 0.03825136612021858
0 0.3711685823754789 0.5841530054644809 0.045019157088122604 0.05136612021857923
0 0.5617816091954023 0.35300546448087433 0.043103448275862065 0.041530054644808745
0 0.5531609195402298 0.40491803278688526 0.08333333333333333 0.06885245901639345
0 0.5737547892720306 0.46830601092896174 0.042145593869731796 0.04262295081967213
0 0.5737547892720306 0.5240437158469945 0.053639846743295014 0.04918032786885246
0 0.6590038314176245 0.37868852459016394 0.04597701149425287 0.04262295081967213
0 0.7150383141762452 0.4131147540983607 0.048850574712643674 0.039344262295081964
0 0.7183908045977011 0.5316939890710383 0.0632183908045977 0.053551912568306013
0 0.8189655172413792 0.4721311475409836 0.04597701149425287 0.04590163934426229
0 0.76772030651341 0.28852459016393445 0.039272030651340994 0.039344262295081964
0 0.8390804597701149 0.6530054644808743 0.04597701149425287 0.053551912568306013
0 0.9353448275862069 0.5825136612021858 0.05459770114942528 0.0546448087431694
