0 0.35494402985074625 0.40327868852459015 0.036380597014925374 0.03715846994535519
0 0.40671641791044777 0.43005464480874317 0.03544776119402985 0.036065573770491806
0 0.4734141791044776 0.45792349726775955 0.05690298507462686 0.06120218579234973
0 0.5569029850746269 0.4092896174863388 0.07276119402985075 0.07540983606557378
0 0.6091417910447761 0.3655737704918033 0.046641791044776115 0.033879781420765025
0 0.6128731343283582 0.39344262295081966 0.05970149253731343 0.05245901639344262
0 0.6520522388059702 0.37814207650273224 0.041044776119402986 0.041530054644808745
0 0.6986940298507462 0.44043715846994536 0.05970149253731343 0.06557377049180328
0 0.32975746268656714 0.4666666666666667 0.036380597014925374 0.034972677595628415
0 0.24673507462686567 0.47595628415300545 0.027052238805970148 0.029508196721311476
0 0.27332089552238803 0.48743169398907105 0.03917910447761194 0.028415300546448086
0 0.27238805970149255 0.5081967213114754 0.024253731343283583 0.02622950819672131
0 0.24813432835820895 0.505464480874317 0.024253731343283583 0.029508196721311476
0 0.2318097014925373 0.5153005464480874 0.028917910447761194 0.025136612021857924
0 0.22761194029850745 0.5382513661202186 0.027985074626865673 0.029508196721311476
0 0.24486940298507462 0.5322404371584699 0.030783582089552237 0.030601092896174863
0 0.24486940298507462 0.5573770491803278 0.028917910447761194 0.03715846994535519
0 0.22527985074626866 0.5617486338797815 0.023320895522388058 0.03278688524590164
0 0.208955223880597 0.5633879781420765 0.027985074626865673 0.029508196721311476
0 0.23460820895522388 0.5901639344262295 0.028917910447761194 0.03715846994535519
0 0.20662313432835822 0.6158469945355192 0.021455223880597014 0.0273224043715847
0 0.22434701492537312 0.6262295081967213 0.03264925373134328 0.034972677595628415
0 0.15485074626865672 0.6229508196721312 0.022388059701492536 0.030601092896174863
0 0.14878731343283583 0.6469945355191257 0.023320895522388058 0.030601092896174863
0 0.1571828358208955 0.6644808743169399 0.028917910447761194 0.030601092896174863
0 0.13059701492537312 0.6568306010928961 0.026119402985074626 0.03715846994535519
0 0.18236940298507462 0.6234972677595628 0.06996268656716417 0.06885245901639345
0 0.12126865671641791 0.5885245901639344 0.026119402985074626 0.036065573770491806
0 0.10587686567164178 0.592896174863388 0.023320895522388058 0.03169398907103825
0 0.10774253731343283 0.571584699453552 0.025186567164179104 0.02622950819672131
0 0.08722014925373134 0.5989071038251366 0.025186567164179104 0.030601092896174863
0 0.09468283582089553 0.6502732240437158 0.027052238805970148 0.03278688524590164
0 0.06716417910447761 0.6469945355191257 0.024253731343283583 0.030601092896174863
0 0.05830223880597015 0.6355191256830601 0.023320895522388058 0.029508196721311476
0 0.10074626865671642 0.6234972677595628 0.024253731343283583 0.03169398907103825
0 0.08348880597014925 0.6267759562841531 0.023320895522388058 0.029508196721311476
0 0.06623134328358209 0.614207650273224 0.024253731343283583 0.028415300546448086
0 0.0732276119402985 0.5950819672131148 0.028917910447761194 0.04918032786885246
0 0.05457089552238806 0.5846994535519126 0.027052238805970148 0.030601092896174863
0 0.06996268656716417 0.5595628415300546 0.03171641791044776 0.048087431693989074
0 0.024253731343283583 0.6092896174863388 0.026119402985074626 0.029508196721311476
0 0.043843283582089554 0.6245901639344262 0.026119402985074626 0.036065573770491806
0 0.03684701492537314 0.5693989071038251 0.06623134328358209 0.07431693989071038
