0 0.8395522388059702 0.16612021857923498 0.06716417910447761 0.06120218579234973
0 0.7663246268656716 0.4786885245901639 0.06996268656716417 0.07868852459016393
0 0.6875 0.5480874316939891 0.07462686567164178 0.08415300546448087
0 0.613339552238806 0.6475409836065574 0.05503731343283582 0.07540983606557378
0 0.5293843283582089 0.7185792349726776 0.05503731343283582 0.073224043715847
0 0.4766791044776119 0.7612021857923498 0.055970149253731345 0.08633879781420765
0 0.3568097014925373 0.8595628415300547 0.06623134328358209 0.07978142076502732
0 0.032182835820895525 0.653551912568306 0.017723880597014924 0.03278688524590164
0 0.05317164179104478 0.6710382513661202 0.046641791044776115 0.06994535519125683
0 0.07602611940298508 0.6322404371584699 0.041977611940298504 0.04918032786885246
0 0.05876865671641791 0.5923497267759563 0.018656716417910446 0.028415300546448086
0 0.013992537313432836 0.7229508196721312 0.026119402985074626 0.06885245901639345
0 0.09095149253731342 0.6961748633879782 0.07182835820895522 0.08524590163934426
0 0.17583955223880596 0.5005464480874317 0.036380597014925374 0.034972677595628415
0 0.18097014925373134 0.5251366120218579 0.03917910447761194 0.04480874316939891
0 0.19496268656716417 0.5546448087431693 0.022388059701492536 0.03169398907103825
0 0.2453358208955224 0.5185792349726775 0.03917910447761194 0.040437158469945354
0 0.3069029850746269 0.5 0.055970149253731345 0.06229508196721312
0 0.22994402985074627 0.4382513661202186 0.025186567164179104 0.030601092896174863
0 0.33675373134328357 0.2726775956284153 0.016791044776119403 0.025136612021857924
0 0.35027985074626866 0.27759562841530055 0.025186567164179104 0.028415300546448086
0 0.3498134328358209 0.2863387978142076 0.024253731343283583 0.02622950819672131
0 0.36707089552238803 0.2907103825136612 0.025186567164179104 0.028415300546448086
0 0.37826492537313433 0.3120218579234973 0.025186567164179104 0.0273224043715847
0 0.3908582089552239 0.3300546448087432 0.033582089552238806 0.028415300546448086
0 0.4146455223880597 0.35956284153005463 0.036380597014925374 0.034972677595628415
0 0.43283582089552236 0.39562841530054643 0.03917910447761194 0.041530054644808745
0 0.4253731343283582 0.4377049180327869 0.03731343283582089 0.036065573770491806
0 0.5111940298507462 0.2972677595628415 0.05970149253731343 0.06994535519125683
0 0.2952425373134328 0.10163934426229508 0.03264925373134328 0.03278688524590164
0 0.31296641791044777 0.12021857923497267 0.030783582089552237 0.028415300546448086
0 0.32276119402985076 0.14153005464480875 0.022388059701492536 0.0273224043715847
0 0.34421641791044777 0.16120218579234974 0.03731343283582089 0.03169398907103825
0 0.35261194029850745 0.1808743169398907 0.029850746268656716 0.03169398907103825
0 0.3731343283582089 0.2005464480874317 0.027985074626865673 0.03169398907103825
0 0.3885261194029851 0.22349726775956283 0.025186567164179104 0.03169398907103825
0 0.22154850746268656 0.059562841530054644 0.030783582089552237 0.033879781420765025
0 0.1944962686567164 0.07049180327868852 0.03264925373134328 0.036065573770491806
0 0.2196828358208955 0.08306010928961749 0.03264925373134328 0.02622950819672131
0 0.19869402985074627 0.10218579234972677 0.03731343283582089 0.033879781420765025
0 0.16277985074626866 0.08524590163934426 0.030783582089552237 0.03278688524590164
0 0.16977611940298507 0.09890710382513661 0.033582089552238806 0.033879781420765025
0 0.17863805970149255 0.11420765027322405 0.030783582089552237 0.036065573770491806
0 0.1632462686567164 0.15956284153005465 0.027985074626865673 0.030601092896174863
0 0.40345149253731344 0.24153005464480876 0.013992537313432836 0.019672131147540982
0 0.4118470149253731 0.24972677595628415 0.017723880597014924 0.022950819672131147
