0 0.12116858237547892 0.23770491803278687 0.04118773946360153 0.04918032786885246
0 0.16283524904214558 0.2540983606557377 0.038314176245210725 0.04262295081967213
0 0.20977011494252873 0.25573770491803277 0.044061302681992334 0.048087431693989074
0 0.26340996168582376 0.260655737704918 0.044061302681992334 0.04918032786885246
0 0.39176245210727967 0.31420765027322406 0.042145593869731796 0.04480874316939891
0 0.3840996168582375 0.37486338797814206 0.07279693486590037 0.06120218579234973
0 0.3318965517241379 0.6469945355191257 0.05651340996168582 0.0546448087431694
0 0.33955938697318006 0.7284153005464481 0.05076628352490421 0.06448087431693988
0 0.3328544061302682 0.8021857923497268 0.05459770114942528 0.06557377049180328
0 0.30986590038314177 0.9087431693989071 0.07183908045977011 0.07103825136612021
0 0.6757662835249042 0.2983606557377049 0.06992337164750957 0.0633879781420765
0 0.6762452107279693 0.3901639344262295 0.09770114942528735 0.09180327868852459
0 0.6762452107279693 0.4825136612021858 0.10153256704980843 0.09289617486338798
0 0.6815134099616857 0.5863387978142076 0.09674329501915709 0.0994535519125683
0 0.6839080459770115 0.8262295081967214 0.11494252873563218 0.13114754098360656
0 0.6867816091954022 0.9497267759562842 0.10727969348659003 0.09836065573770492
0 0.8951149425287356 0.6852459016393443 0.08333333333333333 0.08743169398907104
0 0.8884099616858238 0.5502732240437158 0.10632183908045977 0.09726775956284153
0 0.8663793103448275 0.4060109289617486 0.09865900383141762 0.09289617486338798
0 0.8635057471264367 0.2814207650273224 0.0871647509578544 0.08196721311475409
0 0.8879310344827586 0.17431693989071037 0.044061302681992334 0.04480874316939891
