0 0.6389925373134329 0.03333333333333333 0.07276119402985075 0.060109289617486336
0 0.6282649253731343 0.08032786885245902 0.04757462686567164 0.036065573770491806
0 0.8843283582089552 0.16065573770491803 0.10634328358208955 0.08524590163934426
0 0.7985074626865671 0.25573770491803277 0.11567164179104478 0.09836065573770492
0 0.7378731343283582 0.2743169398907104 0.06902985074626866 0.06120218579234973
0 0.5960820895522388 0.31693989071038253 0.08955223880597014 0.06994535519125683
0 0.6501865671641791 0.33989071038251367 0.06716417910447761 0.05683060109289617
0 0.6986940298507462 0.34153005464480873 0.06902985074626866 0.060109289617486336
0 0.7411380597014925 0.3923497267759563 0.06996268656716417 0.07431693989071038
0 0.7056902985074627 0.4202185792349727 0.0792910447761194 0.07103825136612021
0 0.6347947761194029 0.3846994535519126 0.09235074626865672 0.09180327868852459
0 0.5769589552238806 0.3655737704918033 0.06623134328358209 0.06229508196721312
0 0.6534514925373134 0.45737704918032784 0.08115671641791045 0.08852459016393442
0 0.5629664179104478 0.4360655737704918 0.05690298507462686 0.05901639344262295
0 0.5088619402985074 0.40437158469945356 0.06436567164179105 0.05901639344262295
0 0.5088619402985074 0.47704918032786886 0.08488805970149253 0.08196721311475409
0 0.447294776119403 0.44972677595628413 0.0625 0.05792349726775956
0 0.4193097014925373 0.507103825136612 0.05876865671641791 0.06994535519125683
0 0.46875 0.512568306010929 0.06063432835820896 0.07213114754098361
0 0.47527985074626866 0.3622950819672131 0.1128731343283582 0.10819672131147541
0 0.5797574626865671 0.5174863387978142 0.09421641791044776 0.12131147540983607
0 0.3302238805970149 0.4814207650273224 0.054104477611940295 0.06885245901639345
0 0.22388059701492538 0.5775956284153005 0.048507462686567165 0.073224043715847
0 0.33302238805970147 0.5704918032786885 0.08582089552238806 0.08524590163934426
0 0.39925373134328357 0.5612021857923497 0.07276119402985075 0.0907103825136612
0 0.4314365671641791 0.6420765027322405 0.036380597014925374 0.06229508196721312
0 0.47761194029850745 0.5879781420765028 0.10261194029850747 0.11147540983606558
0 0.3969216417910448 0.6387978142076502 0.07555970149253731 0.08852459016393442
0 0.3246268656716418 0.6371584699453552 0.07462686567164178 0.09836065573770492
0 0.38246268656716415 0.6989071038251367 0.07276119402985075 0.08415300546448087
0 0.31203358208955223 0.7486338797814208 0.09048507462686567 0.1180327868852459
0 0.22201492537313433 0.8256830601092896 0.09514925373134328 0.12786885245901639
