0 0.1671455938697318 0.03715846994535519 0.035440613026819924 0.03278688524590164
0 0.04932950191570881 0.09508196721311475 0.033524904214559385 0.03278688524590164
0 0.08093869731800765 0.1185792349726776 0.04118773946360153 0.0273224043715847
0 0.15277777777777776 0.15956284153005465 0.04118773946360153 0.034972677595628415
0 0.04980842911877394 0.19562841530054645 0.05747126436781609 0.041530054644808745
0 0.10105363984674329 0.27049180327868855 0.04118773946360153 0.036065573770491806
0 0.19588122605363983 0.22568306010928962 0.039272030651340994 0.036065573770491806
0 0.2782567049808429 0.21366120218579235 0.048850574712643674 0.033879781420765025
0 0.2361111111111111 0.3043715846994536 0.035440613026819924 0.036065573770491806
0 0.28975095785440613 0.2939890710382514 0.048850574712643674 0.03715846994535519
0 0.225095785440613 0.5218579234972678 0.04597701149425287 0.046994535519125684
0 0.2658045977011494 0.5049180327868853 0.05459770114942528 0.04590163934426229
0 0.21886973180076627 0.7278688524590164 0.05076628352490421 0.04590163934426229
0 0.26915708812260536 0.7032786885245902 0.06130268199233716 0.04918032786885246
0 0.7423371647509578 0.09398907103825137 0.034482758620689655 0.028415300546448086
