0 0.5359141791044776 0.7513661202185792 0.08115671641791045 0.07759562841530054
0 0.5573694029850746 0.646448087431694 0.09048507462686567 0.0907103825136612
0 0.5517723880597015 0.5480874316939891 0.06063432835820896 0.0907103825136612
0 0.5736940298507462 0.4557377049180328 0.09514925373134328 0.08524590163934426
0 0.574160447761194 0.37486338797814206 0.07369402985074627 0.07213114754098361
0 0.583955223880597 0.29890710382513663 0.05783582089552239 0.05792349726775956
0 0.5918843283582089 0.24316939890710382 0.036380597014925374 0.0273224043715847
0 0.5970149253731343 0.21202185792349726 0.033582089552238806 0.028415300546448086
0 0.6035447761194029 0.1469945355191257 0.03544776119402985 0.029508196721311476
0 0.628731343283582 0.027868852459016394 0.041044776119402986 0.036065573770491806
0 0.6944962686567164 0.030054644808743168 0.03451492537313433 0.0273224043715847
