0 0.30603448275862066 0.22568306010928962 0.043103448275862065 0.04262295081967213
0 0.2586206896551724 0.3540983606557377 0.036398467432950186 0.04590163934426229
0 0.1264367816091954 0.5459016393442623 0.04980842911877394 0.04480874316939891
0 0.2557471264367816 0.5393442622950819 0.053639846743295014 0.060109289617486336
0 0.3850574712643678 0.47978142076502733 0.04980842911877394 0.05245901639344262
0 0.7844827586206896 0.4021857923497268 0.053639846743295014 0.05027322404371585
0 0.5311302681992337 0.6065573770491803 0.05651340996168582 0.05901639344262295
0 0.6350574712643677 0.5814207650273224 0.053639846743295014 0.0546448087431694
0 0.8333333333333333 0.6251366120218579 0.05555555555555555 0.05245901639344262
0 0.06704980842911877 0.607103825136612 0.03065134099616858 0.046994535519125684
