0 0.33141762452107276 0.5147540983606558 0.036398467432950186 0.041530054644808745
0 0.44827586206896547 0.5939890710382514 0.036398467432950186 0.03825136612021858
0 0.5229885057471264 0.5442622950819672 0.021072796934865898 0.024043715846994537
0 0.342911877394636 0.4273224043715847 0.038314176245210725 0.034972677595628415
0 0.3692528735632184 0.43224043715846994 0.033524904214559385 0.036065573770491806
0 0.3726053639846743 0.3994535519125683 0.040229885057471264 0.036065573770491806
0 0.3979885057471264 0.41202185792349727 0.033524904214559385 0.030601092896174863
0 0.41666666666666663 0.42568306010928963 0.040229885057471264 0.03169398907103825
0 0.39176245210727967 0.44098360655737706 0.032567049808429116 0.033879781420765025
0 0.41954022988505746 0.44972677595628413 0.042145593869731796 0.03169398907103825
0 0.44348659003831414 0.45081967213114754 0.036398467432950186 0.040437158469945354
0 0.42049808429118773 0.4726775956284153 0.036398467432950186 0.03825136612021858
