0 0.5871647509578544 0.040437158469945354 0.02490421455938697 0.024043715846994537
0 0.7456896551724137 0.11967213114754098 0.039272030651340994 0.036065573770491806
0 0.6273946360153256 0.32021857923497266 0.036398467432950186 0.03715846994535519
0 0.4315134099616858 0.2901639344262295 0.04693486590038314 0.05136612021857923
0 0.5732758620689655 0.4081967213114754 0.02969348659003831 0.03169398907103825
0 0.682471264367816 0.38579234972677595 0.023946360153256702 0.02185792349726776
0 0.5186781609195402 0.5060109289617486 0.022030651340996167 0.030601092896174863
0 0.24616858237547892 0.43333333333333335 0.06130268199233716 0.06885245901639345
0 0.2586206896551724 0.47540983606557374 0.05938697318007662 0.06775956284153005
0 0.3031609195402299 0.48688524590163934 0.07183908045977011 0.08852459016393442
0 0.24712643678160917 0.7633879781420765 0.04980842911877394 0.06229508196721312
0 0.2777777777777778 0.855191256830601 0.038314176245210725 0.053551912568306013
0 0.3232758620689655 0.8306010928961749 0.06034482758620689 0.08524590163934426
0 0.34099616858237547 0.9065573770491804 0.02490421455938697 0.036065573770491806
0 0.39511494252873564 0.8142076502732241 0.023946360153256702 0.039344262295081964
