0 0.7375478927203065 0.009836065573770491 0.013409961685823753 0.015300546448087432
0 0.7562260536398467 0.017486338797814208 0.033524904214559385 0.030601092896174863
0 0.6048850574712643 0.03333333333333333 0.033524904214559385 0.029508196721311476
0 0.7255747126436781 0.059562841530054644 0.033524904214559385 0.029508196721311476
0 0.7054597701149425 0.08907103825136611 0.033524904214559385 0.029508196721311476
0 0.6637931034482758 0.10655737704918032 0.032567049808429116 0.029508196721311476
0 0.621647509578544 0.13224043715846995 0.047892720306513405 0.03715846994535519
0 0.6197318007662835 0.3103825136612022 0.0632183908045977 0.04590163934426229
0 0.507183908045977 0.4918032786885246 0.06609195402298851 0.05245901639344262
0 0.40660919540229884 0.6191256830601093 0.05459770114942528 0.06448087431693988
0 0.3433908045977011 0.6972677595628415 0.07567049808429119 0.06994535519125683
0 0.24281609195402298 0.726775956284153 0.06609195402298851 0.0633879781420765
0 0.21024904214559387 0.7885245901639344 0.05842911877394636 0.06229508196721312
0 0.3074712643678161 0.7830601092896174 0.05172413793103448 0.053551912568306013
