0 0.9516283524904214 0.012021857923497269 0.037356321839080456 0.02185792349726776
0 0.9885057471264367 0.030054644808743168 0.02490421455938697 0.03169398907103825
0 0.9559386973180076 0.3174863387978142 0.05172413793103448 0.036065573770491806
0 0.8989463601532567 0.7863387978142077 0.06226053639846743 0.06229508196721312
0 0.7825670498084291 0.5601092896174863 0.05172413793103448 0.04480874316939891
0 0.6949233716475095 0.5699453551912568 0.045019157088122604 0.04918032786885246
0 0.6297892720306513 0.5344262295081967 0.048850574712643674 0.05027322404371585
0 0.5909961685823755 0.5076502732240438 0.038314176245210725 0.04262295081967213
0 0.5550766283524904 0.4666666666666667 0.05268199233716475 0.0633879781420765
0 0.5138888888888888 0.44808743169398907 0.027777777777777776 0.041530054644808745
0 0.47844827586206895 0.42240437158469946 0.027777777777777776 0.040437158469945354
0 0.49712643678160917 0.4748633879781421 0.03065134099616858 0.03169398907103825
0 0.4616858237547892 0.5240437158469945 0.042145593869731796 0.04918032786885246
0 0.44013409961685823 0.6065573770491803 0.04118773946360153 0.05027322404371585
0 0.40565134099616856 0.6759562841530055 0.06609195402298851 0.06448087431693988
0 0.3797892720306513 0.7551912568306011 0.045019157088122604 0.05683060109289617
0 0.3146551724137931 0.8098360655737705 0.06034482758620689 0.06557377049180328
0 0.25047892720306514 0.9120218579234972 0.048850574712643674 0.06666666666666667
0 0.07662835249042145 0.8502732240437159 0.05747126436781609 0.06557377049180328
0 0.20306513409961685 0.9781420765027322 0.05172413793103448 0.048087431693989074
