0 0.69683908045977 0.08907103825136611 0.037356321839080456 0.036065573770491806
0 0.9061302681992337 0.01092896174863388 0.03065134099616858 0.019672131147540982
0 0.8917624521072797 0.033879781420765025 0.04980842911877394 0.03715846994535519
0 0.8802681992337165 0.06666666666666667 0.028735632183908046 0.028415300546448086
0 0.842911877394636 0.08524590163934426 0.044061302681992334 0.03278688524590164
0 0.814655172413793 0.12786885245901639 0.033524904214559385 0.028415300546448086
0 0.7926245210727969 0.1540983606557377 0.037356321839080456 0.030601092896174863
0 0.7509578544061303 0.16666666666666666 0.034482758620689655 0.029508196721311476
0 0.7049808429118773 0.1907103825136612 0.05172413793103448 0.04262295081967213
0 0.6944444444444444 0.3655737704918033 0.06704980842911877 0.046994535519125684
0 0.5699233716475095 0.5387978142076503 0.06130268199233716 0.05901639344262295
0 0.4612068965517241 0.6540983606557377 0.05459770114942528 0.06885245901639345
0 0.3922413793103448 0.7229508196721312 0.07567049808429119 0.08415300546448087
0 0.2911877394636015 0.7431693989071039 0.06513409961685823 0.07431693989071038
0 0.2543103448275862 0.8 0.06417624521072797 0.06557377049180328
0 0.35201149425287354 0.8065573770491803 0.048850574712643674 0.0546448087431694
