0 0.1839080459770115 0.10491803278688525 0.07471264367816091 0.07868852459016393
0 0.367816091954023 0.26229508196721313 0.06896551724137931 0.07868852459016393
0 0.4233716475095785 0.30327868852459017 0.0632183908045977 0.08196721311475409
0 0.4774904214559387 0.3513661202185792 0.06417624521072797 0.07759562841530054
0 0.539272030651341 0.4087431693989071 0.06130268199233716 0.08087431693989071
0 0.5953065134099617 0.45792349726775955 0.06417624521072797 0.08306010928961749
0 0.6561302681992337 0.5169398907103825 0.0632183908045977 0.07650273224043716
0 0.7112068965517241 0.5710382513661202 0.07183908045977011 0.08415300546448087
0 0.7777777777777778 0.6907103825136612 0.053639846743295014 0.0546448087431694
0 0.8433908045977011 0.7584699453551913 0.06609195402298851 0.07213114754098361
