1 0.2626962142197599 0.3575297941495124 0.11172668513388735 0.12784398699891658
1 0.21375807940904892 0.49241603466955575 0.10803324099722991 0.13109425785482123
1 0.38134810710987993 0.5395449620801733 0.10341643582640812 0.11484290357529793
1 0.667590027700831 0.6072589382448537 0.15512465373961218 0.1787648970747562
1 0.933056325023084 0.8580715059588299 0.09141274238227147 0.1256771397616468
1 0.42751615881809785 0.3206933911159263 0.04247460757156048 0.04550379198266522
1 0.48938134810710987 0.34940411700975077 0.040627885503231764 0.04658721560130011
1 0.5794090489381348 0.40303358613217766 0.04339796860572483 0.047670639219934995
1 0.5143120960295475 0.7204767063921993 0.04247460757156048 0.05200433369447453
1 0.7146814404432132 0.8185265438786565 0.038781163434903045 0.04875406283856988
1 0.4552169898430286 0.8564463705308776 0.038781163434903045 0.04658721560130011
1 0.4935364727608495 0.8808234019501625 0.04339796860572483 0.047670639219934995
1 0.6048014773776547 0.9171180931744312 0.0664819944598338 0.06825568797399784
1 0.12280701754385964 0.9609967497291441 0.05170821791320406 0.05850487540628385
