1 0.35964912280701755 0.21451787648970747 0.0840258541089566 0.10834236186348861
1 0.44829178208679593 0.20964247020585047 0.0840258541089566 0.10509209100758396
1 0.5373961218836565 0.20910075839653303 0.08310249307479224 0.11050920910075838
1 0.3605724838411819 0.3158179848320693 0.08587257617728532 0.11375947995666305
1 0.4506001846722068 0.31635969664138675 0.08125577100646353 0.11050920910075838
1 0.5401662049861495 0.30877573131094255 0.0886426592797784 0.11267605633802816
1 0.3827331486611265 0.5162513542795233 0.11172668513388735 0.14626218851570963
1 0.5304709141274238 0.508667388949079 0.10803324099722991 0.15059588299024917
1 0.3864265927977839 0.6933911159263272 0.11542012927054478 0.16251354279523292
1 0.5378578024007387 0.6868905742145178 0.11172668513388735 0.16901408450704225
