1 0.5316279069767442 0.06933911159263272 0.09767441860465116 0.09750812567713976
1 0.6813953488372093 0.07692307692307691 0.0958139534883721 0.10184182015167931
1 0.546046511627907 0.21560130010834236 0.11534883720930234 0.13001083423618634
1 0.5376744186046511 0.3634886240520043 0.10418604651162791 0.12026002166847237
1 0.5413953488372093 0.49945828819068255 0.10046511627906977 0.11050920910075838
1 0.5474418604651163 0.6316359696641386 0.09953488372093024 0.10400866738894907
1 0.5386046511627908 0.7784398699891657 0.1172093023255814 0.12459371614301191
1 0.670232558139535 0.2248104008667389 0.11813953488372093 0.12026002166847237
1 0.6609302325581395 0.36998916576381363 0.10883720930232559 0.11375947995666305
1 0.6646511627906977 0.5108342361863488 0.10139534883720931 0.10725893824485373
1 0.6646511627906977 0.6403033586132177 0.11255813953488372 0.10834236186348861
1 0.6665116279069768 0.7849404117009751 0.12186046511627907 0.13109425785482123
1 0.8837209302325582 0.0942578548212351 0.12279069767441861 0.12784398699891658
1 0.8776744186046512 0.3071505958829902 0.12372093023255815 0.13109425785482123
1 0.8734883720930233 0.570964247020585 0.12465116279069768 0.13001083423618634
1 0.8697674418604652 0.7887323943661971 0.12279069767441861 0.13651137594799567
