1 0.09233610341643582 0.06988082340195016 0.10341643582640812 0.1180931744312026
1 0.08125577100646353 0.21830985915492956 0.10710987996306555 0.12026002166847237
1 0.07894736842105263 0.3683640303358613 0.10803324099722991 0.12351029252437702
1 0.07248384118190213 0.5249187432286023 0.10249307479224376 0.13109425785482123
1 0.2982456140350877 0.12026002166847237 0.09972299168975068 0.1256771397616468
1 0.2931671283471837 0.2524377031419285 0.09879963065558633 0.1170097508125677
1 0.2917820867959372 0.3911159263271939 0.10341643582640812 0.12351029252437702
1 0.2853185595567867 0.5265438786565547 0.09972299168975068 0.12134344528710725
1 0.40350877192982454 0.09967497291440953 0.053554939981532775 0.05850487540628385
1 0.43397968605724835 0.20151679306608883 0.12557710064635272 0.1408450704225352
1 0.42751615881809785 0.3634886240520043 0.13665743305632502 0.14626218851570963
1 0.4247460757156048 0.519501625135428 0.13665743305632502 0.14626218851570963
1 0.6103416435826408 0.08775731310942578 0.055401662049861494 0.05633802816901408
1 0.6089566020313942 0.14247020585048753 0.05817174515235457 0.05525460455037919
1 0.6911357340720221 0.32340195016251355 0.09141274238227147 0.11592632719393282
1 0.6860572483841182 0.4485373781148429 0.08679593721144967 0.10617551462621884
1 0.6842105263157895 0.5671722643553629 0.08310249307479224 0.10292524377031419
1 0.6860572483841182 0.6971830985915493 0.09602954755309326 0.1094257854821235
