1 0.15974145891043398 0.09534127843986999 0.13850415512465372 0.14951245937161428
1 0.13665743305632502 0.42903575297941493 0.10156971375807941 0.12134344528710725
1 0.6048014773776547 0.26977248104008666 0.12188365650969529 0.13434452871072589
1 0.5410895660203139 0.3759479956663055 0.09418282548476455 0.10400866738894907
1 0.5249307479224377 0.5021668472372698 0.12465373961218836 0.14409534127843987
1 0.7940904893813481 0.3661971830985915 0.11819021237303785 0.13651137594799567
1 0.7728531855955678 0.48591549295774644 0.0886426592797784 0.09642470205850487
1 0.7128347183748845 0.5926327193932828 0.12188365650969529 0.13001083423618634
1 0.6112650046168051 0.14680390032502708 0.04616805170821791 0.06175514626218851
1 0.6592797783933517 0.16793066088840736 0.0443213296398892 0.05200433369447453
1 0.7068328716528163 0.1923076923076923 0.050784856879039705 0.05525460455037919
1 0.7576177285318559 0.21668472372697722 0.04709141274238227 0.05200433369447453
1 0.8060941828254847 0.24052004333694474 0.04986149584487534 0.05633802816901408
