1 0.30186046511627906 0.22101841820151677 0.1274418604651163 0.13867822318526543
1 0.4548837209302326 0.21343445287107257 0.12279069767441861 0.14301191765980498
1 0.2990697674418605 0.39165763813651133 0.13488372093023257 0.15492957746478872
1 0.45534883720930236 0.37919826652221017 0.06790697674418605 0.08450704225352113
1 0.35348837209302325 0.6289274106175514 0.08 0.09642470205850487
1 0.34930232558139535 0.7475622968580715 0.07906976744186046 0.09534127843986999
1 0.43953488372093025 0.6256771397616467 0.07534883720930233 0.09859154929577464
1 0.5255813953488372 0.6208017334777898 0.07813953488372094 0.09967497291440953
1 0.6102325581395349 0.6175514626218851 0.07627906976744186 0.09967497291440953
1 0.438139534883721 0.7437703141928493 0.08372093023255814 0.10075839653304441
1 0.5265116279069768 0.7394366197183099 0.08744186046511629 0.10509209100758396
1 0.6130232558139536 0.7329360780065005 0.08186046511627908 0.10292524377031419
1 0.7106976744186047 0.5628385698808234 0.10418604651162791 0.133261105092091
1 0.7223255813953489 0.7096424702058505 0.11069767441860466 0.13001083423618634
1 0.8306976744186046 0.5639219934994583 0.10604651162790699 0.13109425785482123
1 0.8465116279069768 0.7080173347778981 0.10604651162790699 0.133261105092091
1 0.6767441860465117 0.20314192849404117 0.09023255813953489 0.09859154929577464
1 0.7846511627906977 0.20476706392199348 0.08651162790697675 0.09534127843986999
1 0.8925581395348837 0.20476706392199348 0.08651162790697675 0.09967497291440953
1 0.6827906976744187 0.32394366197183094 0.09302325581395349 0.10400866738894907
1 0.7953488372093024 0.32340195016251355 0.09674418604651164 0.10509209100758396
1 0.9023255813953489 0.3228602383531961 0.08930232558139535 0.10400866738894907
