1 0.4155124653739612 0.06825568797399784 0.0904893813481071 0.09317443120260022
1 0.5106186518928901 0.06933911159263272 0.08310249307479224 0.09750812567713976
1 0.6048014773776547 0.06933911159263272 0.08310249307479224 0.09750812567713976
1 0.6832871652816251 0.05308775731310942 0.06278855032317636 0.06500541711809317
1 0.73730378578024 0.050920910075839654 0.05632502308402585 0.06500541711809317
1 0.41458910433979684 0.1771397616468039 0.08679593721144967 0.09859154929577464
1 0.5106186518928901 0.176056338028169 0.0886426592797784 0.10075839653304441
1 0.6098799630655586 0.17930660888407365 0.0840258541089566 0.10725893824485373
1 0.6869806094182825 0.12351029252437702 0.055401662049861494 0.06933911159263272
1 0.7479224376731302 0.12351029252437702 0.060941828254847646 0.06717226435536294
1 0.3333333333333333 0.42903575297941493 0.10710987996306555 0.1408450704225352
1 0.46722068328716526 0.4225352112676056 0.11819021237303785 0.13434452871072589
1 0.5932594644506002 0.42036836403033584 0.11172668513388735 0.13651137594799567
1 0.7266851338873499 0.41711809317443116 0.11634349030470914 0.13651137594799567
1 0.33287165281625114 0.5882990249187432 0.11357340720221606 0.1408450704225352
1 0.46722068328716526 0.585590465872156 0.12003693444136657 0.133261105092091
1 0.6034164358264081 0.5882990249187432 0.11911357340720222 0.1408450704225352
1 0.7382271468144044 0.5872156013001083 0.11911357340720222 0.14951245937161428
1 0.34579870729455214 0.8504875406283856 0.16158818097876268 0.20151679306608883
1 0.5300092336103416 0.8466955579631635 0.16066481994459833 0.1960996749729144
1 0.7169898430286241 0.8483206933911159 0.1523545706371191 0.19718309859154928
