1 0.2253000923361034 0.1847237269772481 0.09787626962142197 0.12026002166847237
1 0.26685133887349954 0.3055254604550379 0.10156971375807941 0.12134344528710725
1 0.31809787626962144 0.43066088840736727 0.09879963065558633 0.12459371614301191
1 0.37488457987072943 0.551462621885157 0.09233610341643582 0.1170097508125677
1 0.41874422899353647 0.6679306608884074 0.07848568790397045 0.11592632719393282
1 0.46306555863342563 0.78602383531961 0.061865189289012 0.0942578548212351
1 0.33056325023084027 0.12405200433369447 0.09602954755309326 0.11375947995666305
1 0.3781163434903047 0.2513542795232936 0.09879963065558633 0.13001083423618634
1 0.425207756232687 0.3732394366197183 0.09325946445060018 0.12026002166847237
1 0.4796860572483841 0.49241603466955575 0.07848568790397045 0.11159263271939328
1 0.5327793167128347 0.6126760563380281 0.08310249307479224 0.11159263271939328
1 0.5734072022160664 0.7231852654387865 0.060941828254847646 0.08992416034669555
