1 0.05534883720930233 0.19501625135427952 0.08279069767441861 0.10617551462621884
1 0.15209302325581397 0.19664138678223184 0.08651162790697675 0.10292524377031419
1 0.2474418604651163 0.20205850487540628 0.08186046511627908 0.10725893824485373
1 0.2544186046511628 0.0893824485373781 0.0772093023255814 0.10509209100758396
1 0.8353488372093024 0.48591549295774644 0.08930232558139535 0.12242686890574214
1 0.932093023255814 0.490249187432286 0.08744186046511629 0.11375947995666305
1 0.833953488372093 0.5964247020585048 0.09209302325581396 0.12459371614301191
1 0.9306976744186047 0.6002166847237269 0.08465116279069768 0.12351029252437702
1 0.8311627906976745 0.7459371614301191 0.06976744186046512 0.09209100758396532
1 0.8283720930232559 0.83261105092091 0.06976744186046512 0.08775731310942578
1 0.9251162790697675 0.7508125677139761 0.06790697674418605 0.09967497291440953
1 0.9227906976744187 0.8407367280606717 0.06697674418604652 0.09967497291440953
