1 0.38093023255813957 0.3125677139761647 0.09767441860465116 0.11375947995666305
1 0.4762790697674419 0.3938244853737811 0.0986046511627907 0.11375947995666305
1 0.3088372093023256 0.41928494041170095 0.10232558139534885 0.11917659804983748
1 0.40093023255813953 0.5016251354279523 0.10418604651162791 0.12351029252437702
1 0.23209302325581396 0.5270855904658721 0.0958139534883721 0.1267605633802817
1 0.32697674418604655 0.613759479956663 0.10139534883720931 0.1267605633802817
1 0.14790697674418604 0.6408450704225351 0.10046511627906977 0.13976164680390032
1 0.24976744186046512 0.7329360780065005 0.10883720930232559 0.14192849404117008
1 0.06418604651162792 0.7583965330444203 0.10604651162790699 0.14734561213434452
1 0.16139534883720932 0.8591549295774648 0.10325581395348837 0.1408450704225352
