1 0.12419205909510618 0.2600216684723727 0.11726685133887349 0.1256771397616468
1 0.22253000923361033 0.14355362946912242 0.10710987996306555 0.11375947995666305
1 0.20683287165281625 0.36511375947995667 0.07756232686980609 0.09100758396533044
1 0.26638965835641737 0.2800650054171181 0.07479224376731301 0.08125677139761646
1 0.32363804247460753 0.20530877573131093 0.0729455216989843 0.08125677139761646
1 0.4584487534626039 0.3358613217768147 0.09141274238227147 0.10400866738894907
1 0.5332409972299169 0.40303358613217766 0.09141274238227147 0.10834236186348861
1 0.6168051708217913 0.43553629469122424 0.08125577100646353 0.10184182015167931
1 0.6897506925207756 0.4978331527627302 0.0886426592797784 0.10075839653304441
1 0.7668513388734995 0.5536294691224268 0.06371191135734072 0.08450704225352113
1 0.6837488457987073 0.6159263271939328 0.06925207756232686 0.09642470205850487
1 0.6181902123730378 0.5633802816901408 0.06740535549399815 0.09100758396533044
1 0.5614035087719298 0.5102925243770314 0.07017543859649122 0.08884073672806067
1 0.5096952908587258 0.46749729144095337 0.055401662049861494 0.06825568797399784
1 0.4644506001846722 0.42470205850487536 0.05724838411819021 0.07150595882990249
1 0.42105263157894735 0.40845070422535207 0.0443213296398892 0.05200433369447453
1 0.38873499538319484 0.37919826652221017 0.04247460757156048 0.04550379198266522
1 0.8859649122807017 0.5677139761646803 0.05263157894736842 0.05850487540628385
1 0.9312096029547553 0.6045503791982665 0.050784856879039705 0.06717226435536294
