1 0.17534883720930233 0.06988082340195016 0.12000000000000001 0.13109425785482123
1 0.30186046511627906 0.07204767063921994 0.12372093023255815 0.13109425785482123
1 0.4776744186046512 0.26327193932827736 0.09023255813953489 0.10184182015167931
1 0.47488372093023257 0.36890574214517874 0.09023255813953489 0.10509209100758396
1 0.47674418604651164 0.47724810400866735 0.09767441860465116 0.10075839653304441
1 0.64 0.23076923076923075 0.12279069767441861 0.13434452871072589
1 0.6493023255813953 0.43824485373781147 0.12651162790697676 0.15276273022751896
1 0.7855813953488373 0.42036836403033584 0.1274418604651163 0.14951245937161428
1 0.7818604651162792 0.25189599133261104 0.12558139534883722 0.13759479956663054
1 0.9153488372093024 0.2426868905742145 0.1413953488372093 0.16901408450704225
1 0.9255813953488372 0.41711809317443116 0.14511627906976746 0.16901408450704225
1 0.8418604651162791 0.8656554712892741 0.13395348837209303 0.15384615384615383
