1 0.09787626962142197 0.13001083423618634 0.10895660203139428 0.11484290357529793
1 0.08541089566020314 0.26977248104008666 0.10433979686057249 0.11484290357529793
1 0.06740535549399815 0.4100758396533044 0.1126500461680517 0.1267605633802817
1 0.05771006463527239 0.5720476706392199 0.11542012927054478 0.13217768147345613
1 0.1948291782086796 0.5682556879739978 0.10895660203139428 0.1267605633802817
1 0.20452446906740535 0.41820151679306605 0.1061865189289012 0.13001083423618634
1 0.21560480147737765 0.27302275189599134 0.10433979686057249 0.12134344528710725
1 0.22253000923361033 0.1305525460455038 0.10341643582640812 0.12026002166847237
1 0.42566943674976915 0.13380281690140844 0.12003693444136657 0.133261105092091
1 0.4219759926131117 0.2908992416034669 0.12557710064635272 0.14192849404117008
1 0.4182825484764543 0.45991332611050917 0.12742382271468145 0.15059588299024917
1 0.4104339796860572 0.6413867822318526 0.13388734995383195 0.1560130010834236
1 0.5683287165281625 0.6359696641386782 0.1283471837488458 0.16251354279523292
1 0.5683287165281625 0.45991332611050917 0.12280701754385964 0.14842903575297942
1 0.569713758079409 0.29360780065005415 0.12927054478301014 0.14301191765980498
1 0.5701754385964912 0.13542795232936078 0.11911357340720222 0.13651137594799567
