1 0.4455216989843028 0.3125677139761647 0.1061865189289012 0.12026002166847237
1 0.4441366574330563 0.52329360780065 0.11449676823638041 0.13434452871072589
1 0.680517082179132 0.299566630552546 0.10341643582640812 0.11375947995666305
1 0.7017543859649122 0.5151679306608884 0.11634349030470914 0.13542795232936078
1 0.8947368421052632 0.29035752979414947 0.09418282548476455 0.09750812567713976
1 0.9275161588180978 0.4436619718309859 0.09695290858725761 0.1094257854821235
1 0.868882733148661 0.8028169014084506 0.16435826408125576 0.19284940411700974
1 0.3684210526315789 0.8596966413867821 0.14404432132963987 0.1960996749729144
1 0.1588180978762696 0.8661971830985915 0.14035087719298245 0.18959913326110509
1 0.1371191135734072 0.4940411700975081 0.2077562326869806 0.24918743228602383
1 0.18190212373037856 0.21235102925243768 0.19390581717451522 0.19501625135427952
