1 0.146046511627907 0.11646803900325027 0.13209302325581396 0.13542795232936078
1 0.29069767441860467 0.11755146262188515 0.1274418604651163 0.13759479956663054
1 0.14651162790697675 0.2941495124593716 0.12186046511627907 0.14192849404117008
1 0.29674418604651165 0.2941495124593716 0.12837209302325583 0.13542795232936078
1 0.15348837209302327 0.48483206933911155 0.11348837209302326 0.1267605633802817
1 0.30511627906976746 0.47291440953412783 0.12279069767441861 0.13542795232936078
1 0.16744186046511628 0.7448537378114842 0.13395348837209303 0.14192849404117008
1 0.32697674418604655 0.781148429035753 0.10511627906976745 0.10834236186348861
1 0.32976744186046514 0.9295774647887324 0.10511627906976745 0.10400866738894907
1 0.6032558139534884 0.14138678223185264 0.11627906976744187 0.12459371614301191
1 0.607906976744186 0.32123510292524377 0.12000000000000001 0.1267605633802817
1 0.7995348837209303 0.12459371614301191 0.2018604651162791 0.21451787648970747
1 0.8074418604651163 0.4014084507042253 0.19534883720930232 0.21343445287107257
1 0.6013953488372094 0.7437703141928493 0.08093023255813954 0.08125677139761646
1 0.6734883720930233 0.7378114842903575 0.07441860465116279 0.08234019501625135
1 0.7465116279069768 0.7378114842903575 0.0772093023255814 0.08017334777898158
1 0.6018604651162791 0.8293607800650054 0.08186046511627908 0.08342361863488623
1 0.6772093023255814 0.8244853737811484 0.07069767441860465 0.0780065005417118
1 0.7497674418604652 0.8190682556879739 0.061395348837209304 0.06933911159263272
