1 0.10941828254847645 0.07638136511375948 0.11911357340720222 0.09859154929577464
1 0.1879039704524469 0.26868905742145177 0.12280701754385964 0.10400866738894907
1 0.29593721144967683 0.21018418201516792 0.11726685133887349 0.09750812567713976
1 0.3961218836565097 0.15763813651137593 0.11080332409972299 0.09642470205850487
1 0.24699907663896584 0.40628385698808234 0.12465373961218836 0.11484290357529793
1 0.3559556786703601 0.34723726977248104 0.11542012927054478 0.10725893824485373
1 0.46306555863342563 0.2908992416034669 0.12280701754385964 0.10509209100758396
1 0.3361034164358264 0.6397616468039002 0.1348107109879963 0.133261105092091
1 0.44783010156971376 0.5687973997833152 0.13111726685133887 0.12134344528710725
1 0.5614035087719298 0.5054171180931744 0.12557710064635272 0.1180931744312026
1 0.40581717451523547 0.8104008667388949 0.13758079409048937 0.14301191765980498
1 0.5235457063711911 0.7388949079089924 0.13850415512465372 0.13651137594799567
1 0.6352723915050784 0.6646803900325027 0.13850415512465372 0.12459371614301191
