1 0.43536472760849493 0.18309859154929575 0.08956602031394274 0.09750812567713976
1 0.4921514312096029 0.24864572047670638 0.08494921514312095 0.10509209100758396
1 0.41274238227146814 0.27464788732394363 0.0886426592797784 0.09859154929577464
1 0.389196675900277 0.36565547128927406 0.08771929824561403 0.10292524377031419
1 0.36657433056325023 0.45991332611050917 0.08679593721144967 0.10509209100758396
1 0.34579870729455214 0.551462621885157 0.08771929824561403 0.11050920910075838
1 0.32409972299168976 0.6533044420368364 0.0886426592797784 0.11917659804983748
1 0.38088642659279776 0.7248104008667389 0.09325946445060018 0.1256771397616468
1 0.40766389658356417 0.6245937161430118 0.08956602031394274 0.12026002166847237
1 0.425207756232687 0.5276273022751896 0.09141274238227147 0.11050920910075838
1 0.45152354570637115 0.43824485373781147 0.0904893813481071 0.11375947995666305
1 0.4713758079409049 0.33965330444203684 0.08956602031394274 0.1094257854821235
