1 0.5701754385964912 0.1143011917659805 0.06925207756232686 0.07475622968580714
1 0.6468144044321329 0.13434452871072589 0.06925207756232686 0.07150595882990249
1 0.724376731301939 0.1608884073672806 0.06925207756232686 0.0704225352112676
1 0.5433979686057249 0.19447453954496208 0.07663896583564174 0.08125677139761646
1 0.6223453370267774 0.21939328277356446 0.07386888273314866 0.07692307692307691
1 0.7054478301015696 0.24214517876489705 0.07017543859649122 0.07692307692307691
1 0.5337026777469991 0.30227518959913324 0.10710987996306555 0.11484290357529793
1 0.6514312096029548 0.3380281690140845 0.11542012927054478 0.11917659804983748
1 0.13665743305632502 0.633261105092091 0.09602954755309326 0.10075839653304441
1 0.23684210526315788 0.6706392199349945 0.10249307479224376 0.10400866738894907
1 0.3319482917820868 0.7063921993499458 0.09879963065558633 0.11050920910075838
1 0.4409048938134811 0.742145178764897 0.11726685133887349 0.14301191765980498
1 0.5683287165281625 0.7816901408450704 0.11726685133887349 0.13759479956663054
1 0.48522622345337024 0.628385698808234 0.050784856879039705 0.06500541711809317
1 0.5341643582640813 0.6500541711809317 0.04709141274238227 0.0628385698808234
1 0.5817174515235457 0.6630552546045504 0.055401662049861494 0.06933911159263272
1 0.6357340720221606 0.6841820151679306 0.05817174515235457 0.0704225352112676
