1 0.3893023255813954 0.2887323943661972 0.1144186046511628 0.133261105092091
1 0.52 0.2941495124593716 0.10604651162790699 0.12459371614301191
1 0.38697674418604655 0.43932827735644636 0.10790697674418605 0.133261105092091
1 0.5176744186046512 0.4452871072589382 0.1144186046511628 0.13434452871072589
1 0.38372093023255816 0.6500541711809317 0.10883720930232559 0.13867822318526543
1 0.5139534883720931 0.6549295774647887 0.11069767441860466 0.13542795232936078
1 0.3776744186046512 0.8082340195016251 0.1116279069767442 0.14301191765980498
1 0.5116279069767442 0.8131094257854821 0.1116279069767442 0.13976164680390032
1 0.686046511627907 0.2984832069339111 0.10883720930232559 0.1267605633802817
1 0.6855813953488372 0.4496208017334778 0.11534883720930234 0.13001083423618634
1 0.6837209302325582 0.6581798483206933 0.10976744186046512 0.13542795232936078
1 0.684186046511628 0.8196099674972914 0.11813953488372093 0.13542795232936078
1 0.8162790697674419 0.3066088840736728 0.10697674418604652 0.13001083423618634
1 0.8134883720930233 0.45666305525460454 0.11813953488372093 0.13542795232936078
1 0.8167441860465117 0.666305525460455 0.1172093023255814 0.13867822318526543
1 0.8167441860465117 0.8261105092091007 0.1172093023255814 0.13976164680390032
