1 0.2744186046511628 0.23293607800650054 0.10604651162790699 0.1170097508125677
1 0.36930232558139536 0.21939328277356446 0.10046511627906977 0.1094257854821235
1 0.08651162790697675 0.4842903575297941 0.1116279069767442 0.1256771397616468
1 0.0972093023255814 0.5969664138678222 0.11255813953488372 0.12351029252437702
1 0.10744186046511628 0.7096424702058505 0.11627906976744187 0.13001083423618634
1 0.11627906976744187 0.8250270855904658 0.10976744186046512 0.12459371614301191
1 0.12511627906976744 0.9322860238353196 0.10697674418604652 0.11159263271939328
1 0.3288372093023256 0.533044420368364 0.12558139534883722 0.14734561213434452
1 0.44279069767441864 0.5157096424702058 0.12465116279069768 0.13651137594799567
1 0.5586046511627907 0.49729144095341277 0.12186046511627907 0.14517876489707474
1 0.6734883720930233 0.4886240520043337 0.15627906976744188 0.1820151679306609
1 0.7995348837209303 0.46858071505958826 0.15534883720930234 0.1787648970747562
1 0.8023255813953489 0.1132177681473456 0.07348837209302327 0.08342361863488623
1 0.8111627906976745 0.18634886240520043 0.07813953488372094 0.08450704225352113
1 0.872093023255814 0.12080173347778982 0.10139534883720931 0.11159263271939328
1 0.8888372093023257 0.2351029252437703 0.10697674418604652 0.1170097508125677
1 0.34418604651162793 0.7719393282773565 0.10604651162790699 0.1180931744312026
1 0.45813953488372094 0.7535211267605634 0.10139534883720931 0.11375947995666305
1 0.5753488372093024 0.7345612134344528 0.10697674418604652 0.12134344528710725
1 0.6725581395348837 0.7204767063921993 0.10418604651162791 0.1170097508125677
1 0.7683720930232558 0.7080173347778981 0.10604651162790699 0.11375947995666305
