1 0.17627906976744187 0.2605633802816901 0.0772093023255814 0.08775731310942578
1 0.3106976744186047 0.24702058504875404 0.08372093023255814 0.08884073672806067
1 0.18651162790697676 0.41820151679306605 0.08651162790697675 0.09100758396533044
1 0.32232558139534884 0.3981581798483207 0.08651162790697675 0.09859154929577464
1 0.028837209302325584 0.5628385698808234 0.04837209302325582 0.07475622968580714
1 0.08186046511627908 0.83261105092091 0.0986046511627907 0.1267605633802817
1 0.19255813953488374 0.8120260021668472 0.09488372093023256 0.1180931744312026
1 0.3176744186046512 0.8033586132177681 0.1144186046511628 0.14626218851570963
1 0.4516279069767442 0.7871072589382448 0.1144186046511628 0.14192849404117008
1 0.6027906976744186 0.7730227518959913 0.12837209302325583 0.1635969664138678
1 0.7613953488372094 0.7654387865655471 0.1330232558139535 0.17009750812567714
1 0.9144186046511629 0.747020585048754 0.12837209302325583 0.1635969664138678
1 0.7390697674418605 0.1923076923076923 0.08093023255813954 0.08775731310942578
1 0.8948837209302326 0.171180931744312 0.08930232558139535 0.09100758396533044
1 0.7627906976744186 0.3358613217768147 0.07255813953488373 0.08450704225352113
1 0.78 0.47616468039003246 0.08279069767441861 0.09209100758396532
1 0.9144186046511629 0.31527627302275185 0.07255813953488373 0.07583965330444203
1 0.9404651162790698 0.45341278439869986 0.06883720930232559 0.07692307692307691
