1 0.16712834718374883 0.5460455037919827 0.10710987996306555 0.11917659804983748
1 0.1772853185595568 0.727518959913326 0.09972299168975068 0.12026002166847237
1 0.314404432132964 0.5368364030335862 0.10803324099722991 0.11375947995666305
1 0.32640812557710064 0.7166847237269772 0.1061865189289012 0.11592632719393282
1 0.4986149584487534 0.528169014084507 0.11080332409972299 0.1180931744312026
1 0.502770083102493 0.7026002166847237 0.10249307479224376 0.12026002166847237
1 0.6671283471837488 0.5211267605633803 0.10249307479224376 0.12351029252437702
1 0.6735918744228994 0.6971830985915493 0.10433979686057249 0.12459371614301191
1 0.8411819021237303 0.5130010834236186 0.10341643582640812 0.133261105092091
1 0.8471837488457987 0.6868905742145178 0.10249307479224376 0.12351029252437702
