1 0.5253924284395198 0.15384615384615383 0.12557710064635272 0.1560130010834236
1 0.5189289012003693 0.3120260021668472 0.1329639889196676 0.14517876489707474
1 0.5147737765466297 0.4680390032502708 0.13573407202216067 0.15384615384615383
1 0.515697137580794 0.6202600216684724 0.13758079409048937 0.133261105092091
1 0.6491228070175439 0.6240520043336945 0.12742382271468145 0.13867822318526543
1 0.6528162511542013 0.47724810400866735 0.13111726685133887 0.15276273022751896
1 0.6606648199445984 0.3169014084507042 0.13573407202216067 0.14842903575297942
1 0.6615881809787627 0.16197183098591547 0.13019390581717452 0.15276273022751896
1 0.7871652816251153 0.16901408450704225 0.11172668513388735 0.11917659804983748
1 0.786241920590951 0.2979414951245937 0.10803324099722991 0.13001083423618634
1 0.7816251154201292 0.4322860238353196 0.10987996306555863 0.1256771397616468
1 0.8868882733148661 0.15763813651137593 0.07663896583564174 0.07908992416034669
1 0.884118190212373 0.23835319609967495 0.07848568790397045 0.07150595882990249
1 0.8785780240073868 0.3158179848320693 0.0729455216989843 0.08125677139761646
1 0.8827331486611265 0.3981581798483207 0.07571560480147738 0.085590465872156
1 0.88134810710988 0.4826652221018418 0.07109879963065559 0.08342361863488623
1 0.8836565096952909 0.6310942578548212 0.07756232686980609 0.0942578548212351
