1 0.22160664819944598 0.37269772481040087 0.08310249307479224 0.09750812567713976
1 0.2516158818097876 0.4842903575297941 0.08217913204062788 0.10834236186348861
1 0.3287165281625115 0.3835319609967497 0.07756232686980609 0.09967497291440953
1 0.33887349953831947 0.6240520043336945 0.08679593721144967 0.12134344528710725
1 0.2626962142197599 0.7551462621885157 0.11172668513388735 0.16251354279523292
1 0.07848568790397045 0.8515709642470205 0.11819021237303785 0.16684723726977246
1 0.5780240073868883 0.40628385698808234 0.08494921514312095 0.09967497291440953
1 0.5193905817174514 0.5882990249187432 0.08587257617728532 0.12134344528710725
1 0.6209602954755309 0.5915492957746479 0.09325946445060018 0.11917659804983748
1 0.8047091412742382 0.31527627302275185 0.12465373961218836 0.1256771397616468
1 0.8674976915974145 0.5032502708559047 0.13204062788550322 0.15276273022751896
