1 0.6446511627906977 0.1370530877573131 0.10046511627906977 0.09859154929577464
1 0.650232558139535 0.2589382448537378 0.10604651162790699 0.10400866738894907
1 0.6534883720930232 0.4079089924160346 0.13488372093023257 0.14409534127843987
1 0.6609302325581395 0.5731310942578548 0.1274418604651163 0.14301191765980498
1 0.6637209302325582 0.7248104008667389 0.10883720930232559 0.11484290357529793
1 0.6148837209302326 0.8255687973997833 0.05023255813953489 0.04983748645720477
1 0.6772093023255814 0.8250270855904658 0.04837209302325582 0.05308775731310942
1 0.8013953488372093 0.7231852654387865 0.10325581395348837 0.10292524377031419
1 0.8 0.5693391115926327 0.12279069767441861 0.133261105092091
1 0.7911627906976745 0.40303358613217766 0.13488372093023257 0.13434452871072589
1 0.7883720930232558 0.2361863488624052 0.1274418604651163 0.13001083423618634
