1 0.30701754385964913 0.20639219934994582 0.10433979686057249 0.11159263271939328
1 0.4242843951985226 0.19718309859154928 0.0951061865189289 0.11050920910075838
1 0.5406278855032317 0.18147345612134344 0.10064635272391505 0.10725893824485373
1 0.26546629732225296 0.31094257854821233 0.06555863342566944 0.0780065005417118
1 0.33748845798707294 0.3055254604550379 0.061865189289012 0.08017334777898158
1 0.4090489381348107 0.28602383531960995 0.05909510618651893 0.06717226435536294
1 0.5032317636195752 0.2768147345612134 0.05909510618651893 0.06825568797399784
1 0.6001846722068328 0.2724810400866739 0.05909510618651893 0.06175514626218851
1 0.5433979686057249 0.0780065005417118 0.04339796860572483 0.054171180931744306
1 0.5854108956602031 0.0780065005417118 0.038781163434903045 0.047670639219934995
1 0.06463527239150507 0.04333694474539545 0.04247460757156048 0.04550379198266522
1 0.2825484764542936 0.08613217768147345 0.0332409972299169 0.04008667388949079
1 0.31994459833795014 0.0828819068255688 0.03601108033240997 0.03791982665222102
