1 0.2737765466297322 0.08017334777898158 0.0729455216989843 0.0780065005417118
1 0.27469990766389657 0.1646803900325027 0.06371191135734072 0.08450704225352113
1 0.3868882733148661 0.07638136511375948 0.08125577100646353 0.07908992416034669
1 0.38781163434903043 0.15655471289274106 0.0794090489381348 0.08125677139761646
1 0.4602954755309326 0.07096424702058504 0.06555863342566944 0.07475622968580714
1 0.4616805170821791 0.15276273022751896 0.07017543859649122 0.09317443120260022
1 0.38596491228070173 0.3445287107258938 0.10895660203139428 0.1256771397616468
1 0.39843028624192056 0.4875406283856988 0.11726685133887349 0.1256771397616468
1 0.5184672206832871 0.47616468039003246 0.11172668513388735 0.13759479956663054
1 0.5124653739612188 0.3315276273022752 0.10526315789473684 0.1256771397616468
1 0.18882733148661127 0.7963163596966414 0.13573407202216067 0.1646803900325027
1 0.3448753462603878 0.7865655471289273 0.13573407202216067 0.16684723726977246
1 0.5036934441366574 0.7806067172264355 0.13019390581717452 0.1657638136511376
1 0.9506001846722067 0.4886240520043337 0.07848568790397045 0.13651137594799567
1 0.956140350877193 0.6386782231852655 0.07663896583564174 0.12892741061755145
1 0.9630655586334257 0.7881906825568797 0.05724838411819021 0.15492957746478872
