1 0.09023255813953489 0.1598049837486457 0.07069767441860465 0.09859154929577464
1 0.08930232558139535 0.2589382448537378 0.06883720930232559 0.09750812567713976
1 0.08790697674418606 0.36023835319609965 0.06604651162790698 0.10075839653304441
1 0.1888372093023256 0.16034669555796316 0.06883720930232559 0.09750812567713976
1 0.19069767441860466 0.25731310942578545 0.07255813953488373 0.0942578548212351
1 0.1902325581395349 0.3564463705308776 0.07162790697674419 0.10400866738894907
1 0.3846511627906977 0.1820151679306609 0.1144186046511628 0.14734561213434452
1 0.3851162790697675 0.3607800650054171 0.1172093023255814 0.1646803900325027
1 0.5358139534883721 0.18255687973997833 0.12837209302325583 0.1570964247020585
1 0.5367441860465116 0.3575297941495124 0.1172093023255814 0.15817984832069337
1 0.844186046511628 0.07096424702058504 0.0772093023255814 0.0942578548212351
1 0.844186046511628 0.16901408450704225 0.07348837209302327 0.09967497291440953
1 0.8972093023255815 0.37540628385698804 0.043720930232558144 0.057421451787648965
