1 0.2142197599261311 0.23672806067172264 0.12003693444136657 0.1267605633802817
1 0.3573407202216066 0.24972914409534128 0.12188365650969529 0.1267605633802817
1 0.5073868882733148 0.2681473456121343 0.12650046168051707 0.13542795232936078
1 0.48984302862419205 0.4387865655471289 0.12465373961218836 0.14517876489707474
1 0.3365650969529086 0.41928494041170095 0.12465373961218836 0.14734561213434452
1 0.18651892890120036 0.4014084507042253 0.12557710064635272 0.13759479956663054
1 0.13896583564173592 0.638136511375948 0.10249307479224376 0.13001083423618634
1 0.26869806094182824 0.6500541711809317 0.11080332409972299 0.12784398699891658
1 0.4039704524469067 0.6679306608884074 0.11172668513388735 0.12892741061755145
1 0.38365650969529086 0.8353196099674972 0.11542012927054478 0.13867822318526543
1 0.247460757156048 0.8174431202600216 0.11449676823638041 0.14192849404117008
1 0.11542012927054478 0.799566630552546 0.11634349030470914 0.1408450704225352
