1 0.2100646352723915 0.15655471289274106 0.09879963065558633 0.0942578548212351
1 0.07340720221606647 0.2741061755146262 0.11357340720221606 0.11050920910075838
1 0.1989843028624192 0.38894907908992415 0.11542012927054478 0.12351029252437702
1 0.3301015697137581 0.2535211267605634 0.09695290858725761 0.10617551462621884
1 0.46722068328716526 0.36240520043336943 0.10156971375807941 0.1180931744312026
1 0.6181902123730378 0.4875406283856988 0.11542012927054478 0.13434452871072589
1 0.33748845798707294 0.5173347778981582 0.11726685133887349 0.13976164680390032
1 0.49815327793167125 0.6630552546045504 0.11911357340720222 0.16034669555796316
1 0.587719298245614 0.19393282773564463 0.0951061865189289 0.09750812567713976
1 0.680517082179132 0.25839653304442034 0.08679593721144967 0.09642470205850487
1 0.7751615881809787 0.3244853737811484 0.09695290858725761 0.11375947995666305
1 0.8748845798707294 0.40086673889490787 0.09695290858725761 0.1170097508125677
1 0.6555863342566943 0.08775731310942578 0.04616805170821791 0.047670639219934995
1 0.7040627885503231 0.12026002166847237 0.048938134810710986 0.04983748645720477
1 0.7543859649122807 0.15438786565547127 0.04986149584487534 0.04658721560130011
1 0.804247460757156 0.1847237269772481 0.0443213296398892 0.05525460455037919
