1 0.1144186046511628 0.06717226435536294 0.07441860465116279 0.10184182015167931
1 0.18604651162790697 0.07096424702058504 0.08 0.10292524377031419
1 0.12418604651162791 0.3282773564463705 0.12000000000000001 0.14734561213434452
1 0.11209302325581395 0.4875406283856988 0.11813953488372093 0.15817984832069337
1 0.09767441860465116 0.6516793066088841 0.11906976744186047 0.16143011917659805
1 0.08325581395348838 0.8201516793066088 0.12372093023255815 0.16684723726977246
1 0.2302325581395349 0.8304442036836402 0.12558139534883722 0.1635969664138678
1 0.24465116279069768 0.6657638136511376 0.12465116279069768 0.15926327193932827
1 0.2548837209302326 0.5005417118093174 0.12279069767441861 0.15817984832069337
1 0.2683720930232558 0.342361863488624 0.12186046511627907 0.1560130010834236
