1 0.24607571560480146 0.1782231852654388 0.07109879963065559 0.08125677139761646
1 0.24469067405355494 0.24972914409534128 0.07386888273314866 0.07475622968580714
1 0.2428439519852262 0.31744312026002164 0.07202216066481994 0.0780065005417118
1 0.2409972299168975 0.38678223185265437 0.07202216066481994 0.06933911159263272
1 0.060480147737765465 0.6570964247020584 0.07848568790397045 0.07475622968580714
1 0.2340720221606648 0.52329360780065 0.06925207756232686 0.07583965330444203
1 0.23499538319482918 0.5947995666305526 0.0729455216989843 0.07367280606717226
1 0.23314866112650046 0.6630552546045504 0.06925207756232686 0.07367280606717226
1 0.22945521698984303 0.7345612134344528 0.07848568790397045 0.07583965330444203
1 0.37303785780240073 0.46749729144095337 0.07017543859649122 0.07475622968580714
1 0.3693444136657433 0.5373781148429035 0.07386888273314866 0.0780065005417118
1 0.36657433056325023 0.6061755146262188 0.07386888273314866 0.07692307692307691
1 0.3628808864265928 0.6744312026002166 0.0664819944598338 0.07908992416034669
1 0.36334256694367495 0.7394366197183099 0.06371191135734072 0.07908992416034669
1 0.4312096029547553 0.4702058504875406 0.07017543859649122 0.0780065005417118
1 0.43028624192059095 0.5417118093174431 0.06463527239150507 0.0780065005417118
1 0.42797783933518 0.6094257854821234 0.06555863342566944 0.07692307692307691
1 0.4215143120960295 0.6755146262188515 0.06740535549399815 0.08125677139761646
1 0.4196675900277008 0.7426868905742144 0.06555863342566944 0.07692307692307691
1 0.48337950138504154 0.6744312026002166 0.06371191135734072 0.08342361863488623
1 0.48060941828254844 0.7464788732394366 0.06925207756232686 0.07150595882990249
1 0.5406278855032317 0.6776814734561213 0.061865189289012 0.08342361863488623
1 0.5378578024007387 0.7497291440953412 0.06555863342566944 0.0780065005417118
1 0.6001846722068328 0.6830985915492958 0.07017543859649122 0.08125677139761646
1 0.5992613111726685 0.751895991332611 0.07202216066481994 0.0780065005417118
1 0.6625115420129271 0.6814734561213434 0.06555863342566944 0.0780065005417118
1 0.6583564173591874 0.7551462621885157 0.07017543859649122 0.0780065005417118
1 0.7197599261311173 0.6852654387865655 0.06925207756232686 0.07475622968580714
1 0.7137580794090489 0.7535211267605634 0.07017543859649122 0.07475622968580714
1 0.5392428439519852 0.2361863488624052 0.07571560480147738 0.0780065005417118
1 0.5332409972299169 0.3169014084507042 0.08587257617728532 0.08992416034669555
1 0.6435826408125577 0.3271939328277356 0.09972299168975068 0.10400866738894907
