1 0.12418604651162791 0.14463705308775732 0.08651162790697675 0.11159263271939328
1 0.23209302325581396 0.14301191765980498 0.08837209302325581 0.10834236186348861
1 0.3437209302325582 0.14247020585048753 0.09023255813953489 0.11375947995666305
1 0.44697674418604655 0.14409534127843987 0.08837209302325581 0.11050920910075838
1 0.56 0.14301191765980498 0.08744186046511629 0.11484290357529793
1 0.11534883720930234 0.29577464788732394 0.09302325581395349 0.11917659804983748
1 0.22651162790697676 0.2963163596966414 0.09023255813953489 0.11375947995666305
1 0.33953488372093027 0.2952329360780065 0.09116279069767443 0.12026002166847237
1 0.44976744186046513 0.30010834236186346 0.09023255813953489 0.1170097508125677
1 0.56 0.29902491874322856 0.08558139534883721 0.11917659804983748
1 0.11767441860465117 0.5243770314192849 0.12372093023255815 0.1560130010834236
1 0.2725581395348837 0.5265438786565547 0.12465116279069768 0.16034669555796316
1 0.4232558139534884 0.5254604550379198 0.12651162790697676 0.1560130010834236
1 0.5683720930232559 0.5254604550379198 0.12465116279069768 0.1560130010834236
1 0.11209302325581395 0.7248104008667389 0.12372093023255815 0.16034669555796316
1 0.26372093023255816 0.7215601300108342 0.12558139534883722 0.1646803900325027
1 0.4176744186046512 0.7226435536294691 0.12093023255813955 0.16251354279523292
1 0.573953488372093 0.7210184182015168 0.12465116279069768 0.1657638136511376
