1 0.2497691597414589 0.05796316359696641 0.07479224376731301 0.06175514626218851
1 0.33056325023084027 0.07746478873239436 0.09233610341643582 0.08125677139761646
1 0.4261311172668513 0.1056338028169014 0.11726685133887349 0.10292524377031419
1 0.5461680517082179 0.13867822318526543 0.14496768236380425 0.14951245937161428
1 0.6883656509695291 0.1787648970747562 0.14681440443213295 0.15384615384615383
1 0.8264081255771006 0.218851570964247 0.16066481994459833 0.16251354279523292
1 0.19621421975992612 0.2605633802816901 0.07663896583564174 0.06175514626218851
1 0.27469990766389657 0.281148429035753 0.10249307479224376 0.08992416034669555
1 0.37442289935364725 0.31094257854821233 0.12280701754385964 0.11050920910075838
1 0.5013850415512465 0.35048754062838566 0.15512465373961218 0.1657638136511376
1 0.6408125577100646 0.3873239436619718 0.16066481994459833 0.15926327193932827
1 0.7968605724838411 0.43282773564463706 0.1569713758079409 0.1722643553629469
1 0.17128347183748846 0.5406283856988082 0.06001846722068328 0.06500541711809317
1 0.23037857802400738 0.5612134344528711 0.05817174515235457 0.06500541711809317
1 0.15281625115420128 0.6191765980498375 0.05817174515235457 0.05958829902491874
1 0.21329639889196675 0.6370530877573131 0.055401662049861494 0.05633802816901408
1 0.3397968605724838 0.6289274106175514 0.10526315789473684 0.12242686890574214
1 0.4727608494921514 0.6728060671722643 0.10710987996306555 0.12134344528710725
1 0.6043397968605725 0.7112676056338028 0.10987996306555863 0.12026002166847237
1 0.7336103416435826 0.7605633802816901 0.13573407202216067 0.13867822318526543
