1 0.23084025854108955 0.6782231852654388 0.0904893813481071 0.1170097508125677
1 0.3333333333333333 0.7621885157096424 0.1126500461680517 0.11159263271939328
1 0.4395198522622345 0.495124593716143 0.12003693444136657 0.13001083423618634
1 0.5475530932594644 0.5817984832069338 0.123730378578024 0.13867822318526543
1 0.5143120960295475 0.37540628385698804 0.11449676823638041 0.12892741061755145
1 0.6195752539242844 0.46316359696641385 0.1126500461680517 0.13542795232936078
1 0.5794090489381348 0.266522210184182 0.11172668513388735 0.1256771397616468
1 0.6828254847645429 0.34615384615384615 0.10803324099722991 0.12459371614301191
1 0.6431209602954755 0.1598049837486457 0.10433979686057249 0.11375947995666305
1 0.7446906740535549 0.2340195016251354 0.10803324099722991 0.12784398699891658
