1 0.0840258541089566 0.22914409534127841 0.11819021237303785 0.13759479956663054
1 0.2142197599261311 0.2898158179848321 0.12927054478301014 0.13976164680390032
1 0.2710064635272391 0.14030335861321777 0.1283471837488458 0.14626218851570963
1 0.1371191135734072 0.07583965330444203 0.12465373961218836 0.13651137594799567
1 0.6671283471837488 0.08613217768147345 0.12465373961218836 0.13542795232936078
1 0.5932594644506002 0.3017334777898158 0.1283471837488458 0.15276273022751896
1 0.5415512465373961 0.4588299024918743 0.12465373961218836 0.13976164680390032
1 0.48799630655586335 0.6078006500541712 0.12096029547553093 0.1408450704225352
1 0.6149584487534626 0.6684723726977247 0.12742382271468145 0.14301191765980498
1 0.6708217913204062 0.5167930660888407 0.12096029547553093 0.14517876489707474
1 0.7262234533702677 0.3645720476706392 0.12650046168051707 0.133261105092091
1 0.7996306555863343 0.14951245937161428 0.123730378578024 0.13217768147345613
1 0.8928901200369344 0.4436619718309859 0.12188365650969529 0.13542795232936078
1 0.9482917820867959 0.2323943661971831 0.0886426592797784 0.12892741061755145
