1 0.34395198522622344 0.17063921993499456 0.12465373961218836 0.12892741061755145
1 0.29455216989843025 0.3206933911159263 0.123730378578024 0.13651137594799567
1 0.247460757156048 0.4745395449620802 0.12557710064635272 0.14517876489707474
1 0.20036934441366575 0.6397616468039002 0.13665743305632502 0.15276273022751896
1 0.14404432132963987 0.8076923076923076 0.14404432132963987 0.15059588299024917
1 0.47691597414589104 0.22047670639219935 0.1283471837488458 0.133261105092091
1 0.43028624192059095 0.37269772481040087 0.13111726685133887 0.13651137594799567
1 0.38781163434903043 0.5308775731310942 0.1348107109879963 0.14951245937161428
1 0.340258541089566 0.6933911159263272 0.13204062788550322 0.14951245937161428
1 0.2936288088642659 0.8548212351029252 0.13850415512465372 0.14517876489707474
