1 0.12419205909510618 0.08775731310942578 0.10987996306555863 0.1256771397616468
1 0.2857802400738689 0.09263271939328277 0.11911357340720222 0.12459371614301191
1 0.445983379501385 0.09859154929577464 0.11634349030470914 0.13001083423618634
1 0.11772853185595568 0.27356446370530874 0.11911357340720222 0.133261105092091
1 0.2793167128347184 0.2789815817984832 0.12280701754385964 0.13976164680390032
1 0.4441366574330563 0.2822318526543878 0.13111726685133887 0.133261105092091
1 0.15743305632502308 0.5362946912242686 0.14496768236380425 0.13867822318526543
1 0.30378578024007385 0.542795232936078 0.14404432132963987 0.14734561213434452
1 0.4506001846722068 0.5487540628385699 0.14219759926131118 0.14626218851570963
1 0.1505078485687904 0.7258938244853738 0.14773776546629733 0.14951245937161428
1 0.2996306555863342 0.7345612134344528 0.14681440443213295 0.14734561213434452
1 0.4469067405355494 0.7367280606717226 0.14219759926131118 0.14301191765980498
