1 0.24976744186046512 0.1820151679306609 0.09767441860465116 0.12134344528710725
1 0.3674418604651163 0.1771397616468039 0.09302325581395349 0.12459371614301191
1 0.2534883720930233 0.3104008667388949 0.08093023255813954 0.11592632719393282
1 0.37209302325581395 0.30227518959913324 0.07255813953488373 0.11267605633802816
1 0.26232558139534884 0.4274106175514626 0.07813953488372094 0.1094257854821235
1 0.2702325581395349 0.5525460455037919 0.09767441860465116 0.13217768147345613
1 0.2734883720930233 0.6874322860238353 0.09488372093023256 0.12892741061755145
1 0.3790697674418605 0.4219934994582882 0.08093023255813954 0.10725893824485373
1 0.38232558139534883 0.5449620801733478 0.10046511627906977 0.13001083423618634
1 0.3893023255813954 0.6830985915492958 0.09767441860465116 0.133261105092091
1 0.6255813953488373 0.14247020585048753 0.08837209302325581 0.11375947995666305
1 0.6311627906976744 0.2865655471289274 0.10139534883720931 0.1267605633802817
1 0.6432558139534884 0.4626218851570964 0.1144186046511628 0.1560130010834236
1 0.6539534883720931 0.6516793066088841 0.12279069767441861 0.1570964247020585
1 0.7934883720930233 0.12892741061755145 0.08930232558139535 0.11484290357529793
1 0.7972093023255814 0.27464788732394363 0.08930232558139535 0.12892741061755145
1 0.804186046511628 0.45070422535211263 0.13116279069767442 0.1560130010834236
1 0.8162790697674419 0.6457204767063922 0.11813953488372093 0.1560130010834236
