1 0.11209302325581395 0.5390032502708558 0.07906976744186046 0.08125677139761646
1 0.23953488372093024 0.5574214517876489 0.08093023255813954 0.1180931744312026
1 0.3158139534883721 0.5650054171180932 0.08279069767441861 0.10725893824485373
1 0.38279069767441865 0.5785482123510293 0.08279069767441861 0.1256771397616468
1 0.45534883720930236 0.5910075839653304 0.08279069767441861 0.1267605633802817
1 0.5209302325581395 0.5975081256771397 0.09116279069767443 0.1267605633802817
1 0.5962790697674419 0.6061755146262188 0.09674418604651164 0.1180931744312026
1 0.2558139534883721 0.680931744312026 0.11906976744186047 0.14842903575297942
1 0.3688372093023256 0.6971830985915493 0.1330232558139535 0.15059588299024917
1 0.24837209302325583 0.814192849404117 0.12837209302325583 0.1570964247020585
1 0.3562790697674419 0.828819068255688 0.13209302325581396 0.16684723726977246
