1 0.05348837209302326 0.1570964247020585 0.07534883720930233 0.0780065005417118
1 0.14930232558139536 0.14572047670639218 0.09395348837209302 0.10075839653304441
1 0.2502325581395349 0.14734561213434452 0.09674418604651164 0.09967497291440953
1 0.3688372093023256 0.13596966413867823 0.10697674418604652 0.12026002166847237
1 0.04744186046511628 0.3071505958829902 0.07813953488372094 0.07258938244853737
1 0.14465116279069767 0.32123510292524377 0.10139534883720931 0.10725893824485373
1 0.24697674418604654 0.32015167930660887 0.09767441860465116 0.10292524377031419
1 0.37023255813953493 0.32502708559046584 0.11906976744186047 0.1256771397616468
1 0.30511627906976746 0.5731310942578548 0.08372093023255814 0.08450704225352113
1 0.38558139534883723 0.5742145178764897 0.08279069767441861 0.08450704225352113
1 0.46139534883720934 0.5720476706392199 0.08372093023255814 0.08884073672806067
1 0.46372093023255817 0.7193932827735644 0.09023255813953489 0.08450704225352113
1 0.8316279069767443 0.661430119176598 0.07627906976744186 0.07258938244853737
1 0.9288372093023256 0.6386782231852655 0.12558139534883722 0.1180931744312026
1 0.8395348837209303 0.8732394366197183 0.08651162790697675 0.0780065005417118
1 0.9353488372093024 0.8916576381365113 0.12558139534883722 0.1256771397616468
