1 0.3893023255813954 0.05958829902491874 0.1144186046511628 0.11050920910075838
1 0.3893023255813954 0.17659804983748645 0.10883720930232559 0.11917659804983748
1 0.5037209302325582 0.05958829902491874 0.10325581395348837 0.10400866738894907
1 0.5041860465116279 0.1733477789815818 0.10790697674418605 0.1170097508125677
1 0.3274418604651163 0.41061755146262185 0.1116279069767442 0.1170097508125677
1 0.33534883720930236 0.5460455037919827 0.08837209302325581 0.09967497291440953
1 0.4413953488372093 0.40411700975081255 0.10511627906976745 0.1170097508125677
1 0.4451162790697675 0.5433369447453954 0.10883720930232559 0.12026002166847237
1 0.5613953488372093 0.5379198266522209 0.10697674418604652 0.1180931744312026
1 0.5530232558139535 0.4035752979414951 0.10511627906976745 0.1267605633802817
1 0.6669767441860466 0.40086673889490787 0.10418604651162791 0.1170097508125677
1 0.670232558139535 0.5357529794149513 0.10697674418604652 0.12026002166847237
