1 0.16297322253000923 0.05796316359696641 0.07663896583564174 0.07475622968580714
1 0.22945521698984303 0.10075839653304441 0.09879963065558633 0.10184182015167931
1 0.2996306555863342 0.1570964247020585 0.10803324099722991 0.1170097508125677
1 0.07802400738688826 0.1749729144095341 0.13573407202216067 0.14626218851570963
1 0.17359187442289933 0.2768147345612134 0.13850415512465372 0.15926327193932827
1 0.35318559556786705 0.4550379198266522 0.10987996306555863 0.1256771397616468
1 0.4335180055401662 0.34832069339111593 0.09695290858725761 0.133261105092091
1 0.5133887349953832 0.4295774647887324 0.11080332409972299 0.1267605633802817
1 0.4335180055401662 0.5346695557963164 0.11542012927054478 0.13109425785482123
1 0.5410895660203139 0.6700975081256771 0.14958448753462603 0.19826652221018418
1 0.6421975992613111 0.5211267605633803 0.13573407202216067 0.17551462621885155
1 0.7746999076638965 0.6473456121343445 0.15143120960295475 0.1787648970747562
1 0.6722068328716528 0.7968580715059588 0.14773776546629733 0.19176598049837484
