1 0.48511627906976745 0.4810400866738895 0.12000000000000001 0.11484290357529793
1 0.6158139534883721 0.4799566630552546 0.11906976744186047 0.1170097508125677
1 0.486046511627907 0.6338028169014084 0.12372093023255815 0.12134344528710725
1 0.6186046511627907 0.6316359696641386 0.12465116279069768 0.12351029252437702
1 0.8469767441860465 0.44907908992416035 0.09395348837209302 0.08775731310942578
1 0.8525581395348838 0.547670639219935 0.09395348837209302 0.08992416034669555
1 0.8590697674418605 0.6468039003250271 0.09209302325581396 0.0866738894907909
1 0.9293023255813954 0.44691224268689056 0.09674418604651164 0.08342361863488623
1 0.9400000000000001 0.542795232936078 0.09209302325581396 0.08234019501625135
1 0.9474418604651164 0.6440953412784398 0.09395348837209302 0.0942578548212351
