1 0.21767441860465117 0.3607800650054171 0.1172093023255814 0.1256771397616468
1 0.2088372093023256 0.5406283856988082 0.13116279069767442 0.13651137594799567
1 0.19488372093023257 0.742145178764897 0.12558139534883722 0.14734561213434452
1 0.4037209302325582 0.7426868905742144 0.13023255813953488 0.15059588299024917
1 0.406046511627907 0.5438786565547129 0.12558139534883722 0.13651137594799567
1 0.4079069767441861 0.3575297941495124 0.11813953488372093 0.12784398699891658
1 0.6479069767441861 0.20801733477789813 0.11069767441860466 0.11267605633802816
1 0.6483720930232558 0.35590465872156013 0.11906976744186047 0.12459371614301191
1 0.6572093023255814 0.542795232936078 0.12372093023255815 0.13867822318526543
1 0.6623255813953489 0.7367280606717226 0.12465116279069768 0.14951245937161428
1 0.7855813953488373 0.20368364030335862 0.10511627906976745 0.11050920910075838
1 0.7888372093023256 0.35157096424702056 0.12279069767441861 0.1267605633802817
1 0.8018604651162791 0.5379198266522209 0.12837209302325583 0.13759479956663054
1 0.8144186046511629 0.7361863488624052 0.12558139534883722 0.15059588299024917
