1 0.16930232558139535 0.15059588299024917 0.09302325581395349 0.1256771397616468
1 0.2837209302325582 0.14788732394366197 0.09302325581395349 0.12459371614301191
1 0.412093023255814 0.15492957746478872 0.10976744186046512 0.14734561213434452
1 0.5306976744186047 0.15438786565547127 0.10511627906976745 0.15059588299024917
1 0.6497674418604652 0.1598049837486457 0.10883720930232559 0.13759479956663054
1 0.7697674418604652 0.1598049837486457 0.10325581395348837 0.14409534127843987
1 0.8930232558139536 0.1635969664138678 0.10790697674418605 0.13651137594799567
1 0.16325581395348837 0.2833152762730227 0.09209302325581396 0.1267605633802817
1 0.2772093023255814 0.28602383531960995 0.10046511627906977 0.1256771397616468
1 0.40837209302325583 0.28602383531960995 0.08372093023255814 0.11484290357529793
1 0.5297674418604651 0.2919826652221018 0.08093023255813954 0.11375947995666305
1 0.6511627906976745 0.29252437703141926 0.10790697674418605 0.14734561213434452
1 0.7711627906976745 0.299566630552546 0.1116279069767442 0.15276273022751896
1 0.8944186046511629 0.30227518959913324 0.11069767441860466 0.14517876489707474
