1 0.25992613111726687 0.5698808234019501 0.1061865189289012 0.14301191765980498
1 0.3397968605724838 0.680931744312026 0.11080332409972299 0.15059588299024917
1 0.3628808864265928 0.47941495124593714 0.09972299168975068 0.13759479956663054
1 0.44367497691597413 0.5834236186348862 0.1061865189289012 0.14192849404117008
1 0.4298245614035088 0.37919826652221017 0.0840258541089566 0.09750812567713976
1 0.49307479224376727 0.45449620801733476 0.08310249307479224 0.10075839653304441
1 0.48984302862419205 0.3266522210184182 0.06371191135734072 0.0704225352112676
1 0.5318559556786704 0.29144095341278436 0.060941828254847646 0.0780065005417118
1 0.5821791320406279 0.25189599133261104 0.07109879963065559 0.08342361863488623
1 0.6329639889196675 0.21343445287107257 0.07479224376731301 0.0780065005417118
1 0.6971375807940905 0.2724810400866739 0.07386888273314866 0.08125677139761646
1 0.6472760849492151 0.31635969664138675 0.07571560480147738 0.08450704225352113
1 0.5974145891043398 0.3575297941495124 0.06278855032317636 0.07367280606717226
1 0.5530932594644505 0.3938244853737811 0.06278855032317636 0.07475622968580714
