0 0.050287356321839075 0.8185792349726776 0.04693486590038314 0.05901639344262295
0 0.5129310344827586 0.5912568306010929 0.043103448275862065 0.04590163934426229
0 0.6245210727969348 0.6005464480874317 0.036398467432950186 0.03825136612021858
0 0.5028735632183908 0.4207650273224044 0.053639846743295014 0.05245901639344262
0 0.5402298850574713 0.4557377049180328 0.053639846743295014 0.05027322404371585
0 0.5866858237547893 0.32404371584699454 0.022030651340996167 0.022950819672131147
0 0.6273946360153256 0.3617486338797814 0.022988505747126436 0.024043715846994537
0 0.7782567049808429 0.4426229508196721 0.04118773946360153 0.03715846994535519
0 0.8103448275862069 0.40437158469945356 0.04597701149425287 0.039344262295081964
0 0.9382183908045977 0.2726775956284153 0.05076628352490421 0.040437158469945354
0 0.9626436781609194 0.048633879781420766 0.026819923371647507 0.020765027322404372
