0 0.27729885057471265 0.053005464480874315 0.02586206896551724 0.025136612021857924
0 0.3103448275862069 0.04426229508196721 0.028735632183908046 0.022950819672131147
0 0.2768199233716475 0.1546448087431694 0.034482758620689655 0.025136612021857924
0 0.30938697318007663 0.14262295081967213 0.036398467432950186 0.029508196721311476
0 0.39272030651340994 0.33224043715846996 0.032567049808429116 0.02622950819672131
0 0.4477969348659004 0.31420765027322406 0.03160919540229885 0.029508196721311476
0 0.5019157088122606 0.2907103825136612 0.032567049808429116 0.030601092896174863
0 0.5699233716475095 0.7103825136612022 0.05747126436781609 0.06994535519125683
0 0.6125478927203065 0.6825136612021858 0.05076628352490421 0.060109289617486336
0 0.657088122605364 0.6562841530054645 0.04980842911877394 0.06448087431693988
0 0.7423371647509578 0.6754098360655738 0.05172413793103448 0.06557377049180328
0 0.8299808429118773 0.2994535519125683 0.043103448275862065 0.03278688524590164
