0 0.1111111111111111 0.07049180327868852 0.05938697318007662 0.046994535519125684
0 0.09339080459770115 0.13825136612021857 0.08333333333333333 0.06666666666666667
0 0.07136015325670497 0.20928961748633879 0.08524904214559387 0.06885245901639345
0 0.04932950191570881 0.2830601092896175 0.08141762452107279 0.07431693989071038
0 0.021551724137931032 0.4448087431693989 0.043103448275862065 0.06775956284153005
0 0.26772030651340994 0.055191256830601096 0.06992337164750957 0.06229508196721312
0 0.24233716475095785 0.14863387978142076 0.08045977011494253 0.07213114754098361
0 0.22557471264367815 0.253551912568306 0.08333333333333333 0.07213114754098361
0 0.1997126436781609 0.34918032786885245 0.06800766283524903 0.06229508196721312
0 0.1618773946360153 0.5693989071038251 0.09578544061302681 0.10273224043715846
0 0.2672413793103448 0.6797814207650273 0.09386973180076628 0.1005464480874317
0 0.3376436781609195 0.2639344262295082 0.07758620689655173 0.08415300546448087
0 0.460727969348659 0.14153005464480875 0.07471264367816091 0.06666666666666667
0 0.450191570881226 0.24808743169398906 0.08812260536398467 0.07431693989071038
0 0.4410919540229885 0.3693989071038251 0.09482758620689655 0.08524590163934426
0 0.4209770114942529 0.46939890710382515 0.10440613026819923 0.09508196721311475
0 0.414272030651341 0.5726775956284152 0.09099616858237547 0.09836065573770492
0 0.403735632183908 0.6857923497267759 0.09674329501915709 0.10382513661202186
0 0.39703065134099613 0.8087431693989071 0.08524904214559387 0.09180327868852459
0 0.6345785440613027 0.059562841530054644 0.07950191570881225 0.06666666666666667
0 0.6345785440613027 0.14043715846994537 0.08141762452107279 0.06885245901639345
0 0.6345785440613027 0.24754098360655738 0.0871647509578544 0.07978142076502732
0 0.6293103448275862 0.35081967213114756 0.07471264367816091 0.06775956284153005
0 0.6317049808429118 0.4748633879781421 0.09482758620689655 0.09726775956284153
0 0.6388888888888888 0.5912568306010929 0.09003831417624521 0.10273224043715846
0 0.6350574712643677 0.7071038251366121 0.09770114942528735 0.10491803278688525
0 0.6331417624521073 0.83224043715847 0.08812260536398467 0.09726775956284153
0 0.8582375478927202 0.1923497267759563 0.09003831417624521 0.07431693989071038
0 0.8692528735632183 0.2710382513661202 0.08908045977011494 0.07650273224043716
0 0.9262452107279693 0.680327868852459 0.10344827586206896 0.10819672131147541
