0 0.625 0.12349726775956284 0.048850574712643674 0.030601092896174863
0 0.7231800766283525 0.13278688524590163 0.047892720306513405 0.029508196721311476
0 0.446360153256705 0.43661202185792347 0.05747126436781609 0.05792349726775956
0 0.5047892720306513 0.43387978142076505 0.02490421455938697 0.019672131147540982
0 0.5244252873563218 0.44153005464480877 0.03160919540229885 0.028415300546448086
0 0.5057471264367815 0.46557377049180326 0.040229885057471264 0.039344262295081964
0 0.5512452107279693 0.49398907103825135 0.06034482758620689 0.06775956284153005
0 0.646551724137931 0.4994535519125683 0.05172413793103448 0.04590163934426229
0 0.9343869731800766 0.46939890710382515 0.022030651340996167 0.025136612021857924
0 0.20450191570881224 0.4349726775956284 0.06800766283524903 0.06775956284153005
0 0.18821839080459768 0.49398907103825135 0.043103448275862065 0.04371584699453552
0 0.3908045977011494 0.5781420765027322 0.05172413793103448 0.05245901639344262
0 0.4487547892720306 0.601639344262295 0.05076628352490421 0.04918032786885246
0 0.5119731800766283 0.6251366120218579 0.05076628352490421 0.05027322404371585
0 0.5727969348659003 0.6491803278688525 0.05172413793103448 0.05245901639344262
0 0.6226053639846743 0.6683060109289618 0.03065134099616858 0.036065573770491806
