0 0.18630268199233715 0.49508196721311476 0.043103448275862065 0.04590163934426229
0 0.2054597701149425 0.43333333333333335 0.06034482758620689 0.06666666666666667
0 0.39032567049808425 0.5754098360655737 0.043103448275862065 0.04918032786885246
0 0.4497126436781609 0.5978142076502733 0.048850574712643674 0.05245901639344262
0 0.5090996168582376 0.6240437158469946 0.045019157088122604 0.05245901639344262
0 0.5737547892720306 0.6502732240437158 0.04980842911877394 0.05245901639344262
0 0.621647509578544 0.6693989071038251 0.028735632183908046 0.040437158469945354
0 0.6317049808429118 0.5918032786885246 0.06609195402298851 0.07540983606557378
0 0.6484674329501915 0.4961748633879781 0.047892720306513405 0.04590163934426229
0 0.5512452107279693 0.4907103825136612 0.06034482758620689 0.0633879781420765
0 0.5047892720306513 0.46502732240437156 0.038314176245210725 0.04262295081967213
0 0.4477969348659004 0.43333333333333335 0.06034482758620689 0.060109289617486336
0 0.625 0.1251366120218579 0.048850574712643674 0.04480874316939891
0 0.7231800766283525 0.13060109289617486 0.05555555555555555 0.04262295081967213
