0 0.48754789272030646 0.66775956284153 0.05938697318007662 0.06775956284153005
0 0.728927203065134 0.7775956284153005 0.09003831417624521 0.12568306010928962
0 0.8639846743295019 0.6382513661202186 0.07662835249042145 0.07431693989071038
0 0.18342911877394635 0.40437158469945356 0.09482758620689655 0.09836065573770492
0 0.28496168582375475 0.33879781420765026 0.08524904214559387 0.07868852459016393
0 0.48227969348659 0.22021857923497268 0.048850574712643674 0.046994535519125684
0 0.2389846743295019 0.1994535519125683 0.07567049808429119 0.06885245901639345
0 0.32088122605363983 0.17158469945355193 0.044061302681992334 0.04590163934426229
0 0.4329501915708812 0.1092896174863388 0.07088122605363985 0.05245901639344262
0 0.16810344827586207 0.10218579234972677 0.048850574712643674 0.03825136612021858
