0 0.11973180076628352 0.6229508196721312 0.05555555555555555 0.05901639344262295
0 0.1757662835249042 0.5513661202185792 0.05651340996168582 0.053551912568306013
0 0.24568965517241378 0.5284153005464481 0.043103448275862065 0.033879781420765025
0 0.2222222222222222 0.7595628415300546 0.04597701149425287 0.04371584699453552
0 0.3122605363984674 0.726775956284153 0.06513409961685823 0.05683060109289617
0 0.41714559386973177 0.8448087431693989 0.06800766283524903 0.08087431693989071
0 0.4568965517241379 0.726775956284153 0.05747126436781609 0.08087431693989071
0 0.4243295019157088 0.5562841530054645 0.05938697318007662 0.06120218579234973
0 0.9674329501915708 0.4644808743169399 0.026819923371647507 0.024043715846994537
0 0.9851532567049808 0.45464480874316937 0.02586206896551724 0.024043715846994537
0 0.9875478927203064 0.3830601092896175 0.021072796934865898 0.01639344262295082
0 0.9075670498084291 0.4021857923497268 0.020114942528735632 0.02185792349726776
0 0.8912835249042145 0.3633879781420765 0.027777777777777776 0.022950819672131147
0 0.9219348659003831 0.3551912568306011 0.02586206896551724 0.019672131147540982
0 0.7916666666666666 0.26885245901639343 0.020114942528735632 0.019672131147540982
0 0.9334291187739463 0.11639344262295082 0.048850574712643674 0.029508196721311476
0 0.6657088122605364 0.08087431693989071 0.036398467432950186 0.030601092896174863
0 0.7045019157088123 0.04644808743169399 0.033524904214559385 0.025136612021857924
0 0.7351532567049808 0.03224043715846994 0.02586206896551724 0.022950819672131147
0 0.7480842911877394 0.02185792349726776 0.022988505747126436 0.02185792349726776
0 0.7634099616858238 0.011475409836065573 0.021072796934865898 0.01639344262295082
0 0.6987547892720306 0.014754098360655738 0.023946360153256702 0.022950819672131147
0 0.6724137931034483 0.014207650273224043 0.028735632183908046 0.019672131147540982
