0 0.22248134328358207 0.15901639344262294 0.03451492537313433 0.033879781420765025
0 0.011194029850746268 0.28797814207650274 0.016791044776119403 0.018579234972677595
0 0.07789179104477612 0.2459016393442623 0.01958955223880597 0.019672131147540982
0 0.11800373134328358 0.2814207650273224 0.023320895522388058 0.01639344262295082
0 0.1394589552238806 0.2896174863387978 0.025186567164179104 0.017486338797814208
0 0.1515858208955224 0.307103825136612 0.023320895522388058 0.019672131147540982
0 0.05830223880597015 0.3289617486338798 0.03451492537313433 0.02622950819672131
0 0.11520522388059701 0.3918032786885246 0.023320895522388058 0.020765027322404372
0 0.13992537313432835 0.37868852459016394 0.020522388059701493 0.018579234972677595
0 0.1259328358208955 0.39726775956284155 0.022388059701492536 0.022950819672131147
0 0.13852611940298507 0.41202185792349727 0.023320895522388058 0.02185792349726776
0 0.15531716417910446 0.3989071038251366 0.021455223880597014 0.02185792349726776
0 0.16884328358208955 0.4349726775956284 0.020522388059701493 0.02185792349726776
0 0.18610074626865672 0.41366120218579233 0.021455223880597014 0.020765027322404372
0 0.2318097014925373 0.3644808743169399 0.021455223880597014 0.018579234972677595
0 0.25046641791044777 0.37923497267759565 0.025186567164179104 0.019672131147540982
0 0.29384328358208955 0.41366120218579233 0.022388059701492536 0.0273224043715847
0 0.228544776119403 0.43387978142076505 0.03731343283582089 0.030601092896174863
0 0.2677238805970149 0.5103825136612021 0.05037313432835821 0.0546448087431694
0 0.39925373134328357 0.5377049180327869 0.04477611940298507 0.05901639344262295
0 0.4412313432835821 0.47704918032786886 0.054104477611940295 0.05792349726775956
0 0.41044776119402987 0.614207650273224 0.016791044776119403 0.019672131147540982
0 0.4458955223880597 0.6114754098360655 0.020522388059701493 0.022950819672131147
0 0.757929104477612 0.8524590163934426 0.051305970149253734 0.05245901639344262
