0 0.43773946360153254 0.48743169398907105 0.040229885057471264 0.04371584699453552
0 0.5363984674329502 0.15792349726775956 0.04980842911877394 0.03825136612021858
0 0.5905172413793103 0.24371584699453552 0.048850574712643674 0.04590163934426229
0 0.6154214559386972 0.41366120218579233 0.05076628352490421 0.053551912568306013
0 0.6590038314176245 0.4005464480874317 0.04597701149425287 0.05136612021857923
0 0.7734674329501915 0.32076502732240436 0.045019157088122604 0.04918032786885246
0 0.8208812260536398 0.08852459016393442 0.047892720306513405 0.03278688524590164
0 0.8970306513409961 0.15956284153005465 0.045019157088122604 0.03715846994535519
0 0.9741379310344828 0.32076502732240436 0.04597701149425287 0.04918032786885246
0 0.6791187739463601 0.7398907103825136 0.040229885057471264 0.05027322404371585
0 0.7341954022988505 0.7158469945355191 0.02586206896551724 0.03278688524590164
0 0.7911877394636015 0.7071038251366121 0.034482758620689655 0.041530054644808745
0 0.8481800766283525 0.6961748633879782 0.027777777777777776 0.03278688524590164
0 0.9013409961685823 0.6715846994535519 0.047892720306513405 0.06229508196721312
