0 0.6514336917562724 0.8535660091047041 0.05734767025089606 0.10773899848254932
0 0.5900537634408602 0.8619119878603946 0.06003584229390681 0.11229135053110774
0 0.5286738351254481 0.8603945371775418 0.06093189964157706 0.1244309559939302
0 0.46639784946236557 0.8619119878603946 0.06362007168458782 0.1244309559939302
0 0.4027777777777778 0.8619119878603946 0.06003584229390681 0.12139605462822459
0 0.3387096774193548 0.8611532625189682 0.06272401433691756 0.12291350531107739
0 0.2764336917562724 0.8619119878603946 0.06182795698924731 0.12139605462822459
0 0.6706989247311828 0.6251896813353566 0.06003584229390681 0.12139605462822459
0 0.6088709677419355 0.6244309559939302 0.05824372759856631 0.11987860394537178
0 0.4807347670250896 0.6267071320182094 0.06003584229390681 0.10622154779969652
0 0.41487455197132617 0.622154779969651 0.05913978494623656 0.11836115326251898
0 0.2831541218637993 0.6077389984825493 0.053763440860215055 0.10470409711684371
0 0.28091397849462363 0.49089529590288317 0.05465949820788531 0.09863429438543247
0 0.278673835125448 0.37556904400606983 0.05017921146953405 0.09256449165402125
0 0.28225806451612906 0.26100151745068284 0.053763440860215055 0.09104704097116845
0 0.28360215053763443 0.1623672230652504 0.0528673835125448 0.08497723823975721
0 0.28763440860215056 0.04931714719271624 0.05555555555555555 0.0834597875569044
0 0.4018817204301075 0.3657056145675266 0.04390681003584229 0.09104704097116845
0 0.4717741935483871 0.3626707132018209 0.042114695340501794 0.08497723823975721
0 0.4946236559139785 0.1449165402124431 0.05734767025089606 0.09863429438543247
