0 0.543103448275862 0.033879781420765025 0.01532567049808429 0.019672131147540982
0 0.6522988505747126 0.06775956284153005 0.05938697318007662 0.05901639344262295
0 0.736111111111111 0.07103825136612021 0.02969348659003831 0.02622950819672131
0 0.7662835249042145 0.07923497267759563 0.022988505747126436 0.025136612021857924
0 0.8017241379310345 0.07978142076502732 0.019157088122605363 0.019672131147540982
0 0.8362068965517241 0.08633879781420765 0.017241379310344827 0.015300546448087432
0 0.8668582375478927 0.09016393442622951 0.019157088122605363 0.01639344262295082
0 0.8965517241379309 0.0912568306010929 0.021072796934865898 0.01639344262295082
0 0.9257662835249042 0.09617486338797815 0.023946360153256702 0.019672131147540982
0 0.9554597701149424 0.09781420765027322 0.022030651340996167 0.018579234972677595
0 0.8989463601532567 0.2617486338797814 0.027777777777777776 0.0273224043715847
0 0.9559386973180076 0.2863387978142076 0.042145593869731796 0.039344262295081964
0 0.9865900383141762 0.34098360655737703 0.02490421455938697 0.02622950819672131
0 0.9851532567049808 0.40437158469945356 0.023946360153256702 0.024043715846994537
0 0.9846743295019157 0.5890710382513661 0.01532567049808429 0.024043715846994537
0 0.9952107279693486 0.5890710382513661 0.009578544061302681 0.019672131147540982
0 0.3342911877394636 0.16994535519125684 0.044061302681992334 0.036065573770491806
0 0.38457854406130265 0.27595628415300544 0.03160919540229885 0.040437158469945354
0 0.44492337164750956 0.32021857923497266 0.045019157088122604 0.039344262295081964
0 0.32806513409961685 0.38524590163934425 0.043103448275862065 0.04480874316939891
0 0.3496168582375479 0.5622950819672131 0.08429118773946359 0.07759562841530054
0 0.3136973180076628 0.6584699453551912 0.10249042145593869 0.0907103825136612
0 0.13170498084291188 0.8508196721311475 0.08141762452107279 0.0907103825136612
