0 0.23745519713261648 0.29893778452200304 0.053763440860215055 0.0819423368740516
0 0.27553763440860213 0.3353566009104704 0.0456989247311828 0.09408194233687406
0 0.29301075268817206 0.27086494688922613 0.05555555555555555 0.10773899848254932
0 0.3342293906810036 0.24051593323216997 0.06093189964157706 0.11077389984825493
0 0.43862007168458783 0.4552352048558422 0.06541218637992832 0.1244309559939302
0 0.49551971326164873 0.5417298937784523 0.07706093189964158 0.1426403641881639
0 0.5098566308243727 0.6365705614567527 0.05017921146953405 0.09256449165402125
0 0.532258064516129 0.6820940819423369 0.08064516129032258 0.12898330804248861
0 0.6218637992831542 0.6729893778452201 0.03763440860215054 0.05918057663125949
0 0.6102150537634409 0.5849772382397572 0.04659498207885305 0.07132018209408195
0 0.6039426523297491 0.5333839150227617 0.03046594982078853 0.0409711684370258
0 0.5945340501792115 0.4939301972685888 0.033154121863799284 0.04704097116843703
0 0.6370967741935484 0.41426403641881643 0.04838709677419355 0.06980273141122914
0 0.6258960573476703 0.3596358118361153 0.042114695340501794 0.054628224582701064
0 0.5846774193548387 0.30728376327769347 0.06899641577060932 0.10166919575113809
0 0.625 0.30728376327769347 0.047491039426523295 0.0622154779969651
0 0.6129032258064516 0.25796661608497723 0.04659498207885305 0.05766312594840668
0 0.6223118279569892 0.11532625189681336 0.06362007168458782 0.0819423368740516
