0 0.24906716417910446 0.7857923497267759 0.08022388059701492 0.126775956284153
0 0.17210820895522388 0.7710382513661203 0.03824626865671642 0.06448087431693988
0 0.35867537313432835 0.7726775956284153 0.10914179104477612 0.12896174863387977
0 0.19589552238805968 0.6459016393442623 0.05223880597014925 0.05901639344262295
0 0.47388059701492535 0.6251366120218579 0.09328358208955223 0.1005464480874317
0 0.3530783582089552 0.5174863387978142 0.09794776119402984 0.10163934426229508
0 0.43656716417910446 0.5 0.048507462686567165 0.06885245901639345
0 0.5223880597014925 0.49562841530054647 0.08582089552238806 0.0907103825136612
0 0.7206156716417911 0.4961748633879781 0.07555970149253731 0.1180327868852459
0 0.5564365671641791 0.2644808743169399 0.09235074626865672 0.0633879781420765
0 0.5760261194029851 0.1989071038251366 0.08675373134328358 0.06775956284153005
0 0.5886194029850746 0.07868852459016393 0.061567164179104475 0.039344262295081964
0 0.6026119402985074 0.025683060109289616 0.07276119402985075 0.04918032786885246
