0 0.22461685823754787 0.16229508196721312 0.06226053639846743 0.06229508196721312
0 0.21024904214559387 0.25081967213114753 0.06417624521072797 0.05573770491803279
0 0.13984674329501914 0.5846994535519126 0.07279693486590037 0.07868852459016393
0 0.17097701149425287 0.6885245901639344 0.10057471264367815 0.09836065573770492
0 0.20977011494252873 0.7896174863387978 0.09770114942528735 0.10163934426229508
0 0.2543103448275862 0.905464480874317 0.10057471264367815 0.11256830601092896
0 0.39272030651340994 0.7530054644808744 0.10153256704980843 0.12021857923497267
0 0.3386015325670498 0.6480874316939891 0.09482758620689655 0.1005464480874317
0 0.30699233716475094 0.5497267759562842 0.10632183908045977 0.09617486338797815
0 0.34099616858237547 0.2644808743169399 0.07662835249042145 0.08743169398907104
0 0.4200191570881226 0.3295081967213115 0.07567049808429119 0.06229508196721312
0 0.5057471264367815 0.47540983606557374 0.07471264367816091 0.07213114754098361
0 0.5550766283524904 0.5562841530054645 0.09099616858237547 0.08743169398907104
0 0.6168582375478927 0.6355191256830601 0.05555555555555555 0.06229508196721312
0 0.4650383141762452 0.11912568306010929 0.07183908045977011 0.07213114754098361
0 0.4932950191570881 0.16939890710382513 0.07662835249042145 0.06775956284153005
0 0.5349616858237548 0.22185792349726777 0.07567049808429119 0.06775956284153005
0 0.5756704980842912 0.28415300546448086 0.08045977011494253 0.06994535519125683
0 0.7576628352490421 0.1180327868852459 0.047892720306513405 0.05245901639344262
0 0.8084291187739463 0.11912568306010929 0.04597701149425287 0.04590163934426229
0 0.9798850574712643 0.10109289617486339 0.040229885057471264 0.04262295081967213
0 0.7586206896551724 0.9612021857923497 0.0632183908045977 0.07103825136612021
