0 0.24377394636015323 0.17103825136612022 0.08333333333333333 0.08633879781420765
0 0.5014367816091954 0.23060109289617486 0.08908045977011494 0.09180327868852459
0 0.4741379310344827 0.4027322404371585 0.11494252873563218 0.10163934426229508
0 0.42768199233716475 0.47595628415300545 0.06609195402298851 0.060109289617486336
0 0.4243295019157088 0.6136612021857923 0.038314176245210725 0.0273224043715847
0 0.3726053639846743 0.8032786885245902 0.13601532567049807 0.14426229508196722
0 0.7523946360153256 0.4601092896174863 0.10057471264367815 0.07868852459016393
0 0.736111111111111 0.6912568306010929 0.07567049808429119 0.08196721311475409
0 0.7255747126436781 0.7688524590163934 0.07758620689655173 0.08196721311475409
0 0.6863026819923371 0.8836065573770492 0.15804597701149425 0.12131147540983607
