0 0.07327586206896551 0.0273224043715847 0.02586206896551724 0.019672131147540982
0 0.06226053639846743 0.03770491803278689 0.026819923371647507 0.01639344262295082
0 0.04980842911877394 0.04918032786885246 0.028735632183908046 0.019672131147540982
0 0.6058429118773946 0.16775956284153004 0.043103448275862065 0.046994535519125684
0 0.7193486590038314 0.18688524590163935 0.0632183908045977 0.06557377049180328
0 0.7978927203065134 0.12568306010928962 0.036398467432950186 0.03278688524590164
0 0.8347701149425287 0.1377049180327869 0.037356321839080456 0.03278688524590164
0 0.871647509578544 0.15191256830601094 0.040229885057471264 0.039344262295081964
0 0.46024904214559387 0.23879781420765028 0.04693486590038314 0.04262295081967213
0 0.4765325670498084 0.2617486338797814 0.037356321839080456 0.036065573770491806
0 0.507183908045977 0.25136612021857924 0.043103448275862065 0.04371584699453552
0 0.5531609195402298 0.27704918032786885 0.037356321839080456 0.036065573770491806
0 0.5234674329501915 0.3092896174863388 0.04118773946360153 0.039344262295081964
0 0.560823754789272 0.3639344262295082 0.02969348659003831 0.02622950819672131
0 0.58955938697318 0.36666666666666664 0.04118773946360153 0.04262295081967213
0 0.5694444444444444 0.39289617486338796 0.045019157088122604 0.04262295081967213
0 0.596743295019157 0.4092896174863388 0.044061302681992334 0.04918032786885246
0 0.6149425287356322 0.3825136612021858 0.04597701149425287 0.041530054644808745
0 0.22749042145593867 0.607103825136612 0.06226053639846743 0.06448087431693988
0 0.310823754789272 0.6595628415300546 0.045019157088122604 0.04480874316939891
0 0.12404214559386972 0.6612021857923497 0.06226053639846743 0.07650273224043716
0 0.18534482758620688 0.7087431693989071 0.037356321839080456 0.03825136612021858
0 0.23659003831417624 0.7327868852459016 0.04597701149425287 0.05573770491803279
0 0.07375478927203065 0.7349726775956285 0.06130268199233716 0.07759562841530054
0 0.09674329501915709 0.8109289617486338 0.044061302681992334 0.05245901639344262
0 0.14128352490421456 0.8284153005464481 0.06417624521072797 0.07650273224043716
0 0.18007662835249041 0.8081967213114755 0.047892720306513405 0.06229508196721312
0 0.6024904214559387 0.16775956284153004 0.042145593869731796 0.046994535519125684
0 0.721743295019157 0.18907103825136612 0.06417624521072797 0.0633879781420765
