0 0.4128352490421456 0.7207650273224043 0.11302681992337164 0.14098360655737704
0 0.13697318007662834 0.6213114754098361 0.08237547892720307 0.06885245901639345
0 0.13266283524904213 0.5295081967213114 0.07375478927203065 0.06229508196721312
0 0.4243295019157088 0.42295081967213116 0.06513409961685823 0.06557377049180328
0 0.5239463601532567 0.44972677595628413 0.0632183908045977 0.06448087431693988
0 0.6269157088122606 0.5081967213114754 0.09865900383141762 0.09836065573770492
0 0.7504789272030651 0.45792349726775955 0.09674329501915709 0.07650273224043716
0 0.7983716475095785 0.373224043715847 0.08333333333333333 0.06885245901639345
0 0.8568007662835249 0.30655737704918035 0.09291187739463601 0.06229508196721312
0 0.9664750957854406 0.11967213114754098 0.0632183908045977 0.06229508196721312
0 0.7423371647509578 0.15300546448087432 0.09770114942528735 0.07650273224043716
0 0.6982758620689655 0.0814207650273224 0.08045977011494253 0.04918032786885246
