0 0.1884328358208955 0.8448087431693989 0.055970149253731345 0.06120218579234973
0 0.34328358208955223 0.7956284153005464 0.05037313432835821 0.07431693989071038
0 0.5032649253731343 0.7218579234972677 0.05876865671641791 0.06666666666666667
0 0.6096082089552238 0.651912568306011 0.036380597014925374 0.036065573770491806
0 0.6567164179104478 0.6087431693989072 0.048507462686567165 0.0546448087431694
0 0.632929104477612 0.5546448087431693 0.027052238805970148 0.033879781420765025
0 0.6819029850746269 0.5191256830601093 0.029850746268656716 0.03278688524590164
0 0.7210820895522388 0.5633879781420765 0.04291044776119403 0.04918032786885246
0 0.6567164179104478 0.3923497267759563 0.03544776119402985 0.03715846994535519
0 0.6450559701492538 0.35355191256830604 0.01958955223880597 0.022950819672131147
0 0.6291977611940298 0.3366120218579235 0.025186567164179104 0.024043715846994537
0 0.6058768656716418 0.2939890710382514 0.036380597014925374 0.05027322404371585
0 0.9015858208955224 0.4311475409836066 0.028917910447761194 0.029508196721311476
0 0.7882462686567164 0.4021857923497268 0.020522388059701493 0.024043715846994537
0 0.7705223880597015 0.38633879781420766 0.022388059701492536 0.022950819672131147
0 0.75 0.3513661202185792 0.022388059701492536 0.0273224043715847
0 0.730410447761194 0.33989071038251367 0.020522388059701493 0.028415300546448086
0 0.7084888059701493 0.3092896174863388 0.021455223880597014 0.02622950819672131
0 0.6958955223880597 0.2983606557377049 0.020522388059701493 0.02622950819672131
0 0.7378731343283582 0.2715846994535519 0.04291044776119403 0.04918032786885246
0 0.7709888059701493 0.24972677595628415 0.041977611940298504 0.053551912568306013
