0 0.38840996168582376 0.2442622950819672 0.05459770114942528 0.04918032786885246
0 0.453544061302682 0.4530054644808743 0.04118773946360153 0.040437158469945354
0 0.4736590038314176 0.5147540983606558 0.048850574712643674 0.041530054644808745
0 0.492816091954023 0.5808743169398907 0.04693486590038314 0.04262295081967213
0 0.5866858237547893 0.8016393442622951 0.06226053639846743 0.053551912568306013
0 0.6125478927203065 0.8748633879781421 0.05459770114942528 0.05792349726775956
0 0.6293103448275862 0.9360655737704918 0.047892720306513405 0.05792349726775956
0 0.6566091954022988 0.9808743169398907 0.05651340996168582 0.036065573770491806
0 0.5277777777777778 0.126775956284153 0.038314176245210725 0.02622950819672131
0 0.553639846743295 0.17540983606557378 0.036398467432950186 0.03169398907103825
0 0.5196360153256705 0.2355191256830601 0.05651340996168582 0.05136612021857923
0 0.5727969348659003 0.21420765027322405 0.053639846743295014 0.05245901639344262
0 0.5842911877394635 0.24262295081967214 0.036398467432950186 0.028415300546448086
0 0.5488505747126436 0.28032786885245903 0.07279693486590037 0.05792349726775956
0 0.6082375478927202 0.2934426229508197 0.06130268199233716 0.05573770491803279
0 0.6455938697318008 0.37158469945355194 0.042145593869731796 0.039344262295081964
0 0.6585249042145593 0.40327868852459015 0.045019157088122604 0.04371584699453552
0 0.6867816091954022 0.4202185792349727 0.026819923371647507 0.025136612021857924
0 0.689655172413793 0.47540983606557374 0.04597701149425287 0.04590163934426229
0 0.6546934865900382 0.5650273224043716 0.05076628352490421 0.05683060109289617
0 0.6992337164750958 0.5486338797814208 0.06704980842911877 0.06557377049180328
0 0.8989463601532567 0.7043715846994536 0.039272030651340994 0.04480874316939891
0 0.9190613026819923 0.9710382513661202 0.05459770114942528 0.05573770491803279
