0 0.05172413793103448 0.3513661202185792 0.034482758620689655 0.033879781420765025
0 0.14559386973180075 0.4284153005464481 0.06513409961685823 0.05683060109289617
0 0.12404214559386972 0.453551912568306 0.05076628352490421 0.04590163934426229
0 0.1417624521072797 0.48688524590163934 0.06896551724137931 0.06885245901639345
0 0.11925287356321838 0.514207650273224 0.048850574712643674 0.04918032786885246
0 0.1154214559386973 0.5513661202185792 0.06800766283524903 0.06448087431693988
0 0.08381226053639847 0.5704918032786885 0.05651340996168582 0.05245901639344262
0 0.41379310344827586 0.5530054644808743 0.0632183908045977 0.08306010928961749
0 0.4612068965517241 0.7480874316939891 0.037356321839080456 0.033879781420765025
0 0.5153256704980843 0.7480874316939891 0.040229885057471264 0.033879781420765025
0 0.5981800766283525 0.6994535519125683 0.06800766283524903 0.09180327868852459
0 0.6882183908045977 0.7021857923497268 0.07183908045977011 0.0994535519125683
0 0.8754789272030651 0.7038251366120218 0.05555555555555555 0.06775956284153005
