0 0.04256272401433692 0.748103186646434 0.06182795698924731 0.09408194233687406
0 0.04659498207885305 0.6479514415781488 0.06272401433691756 0.10622154779969652
0 0.05510752688172043 0.5447647951441579 0.06899641577060932 0.10015174506828528
0 0.07661290322580645 0.12139605462822459 0.0492831541218638 0.08497723823975721
0 0.10842293906810035 0.2860394537177542 0.044802867383512544 0.10166919575113809
0 0.1581541218637993 0.2867981790591806 0.0528673835125448 0.07890743550834597
0 0.19265232974910393 0.6471927162367224 0.06989247311827956 0.07738998482549317
0 0.2540322580645161 0.5849772382397572 0.0492831541218638 0.08952959028831563
0 0.36514336917562723 0.6525037936267072 0.05465949820788531 0.09104704097116845
0 0.3996415770609319 0.27086494688922613 0.04659498207885305 0.10166919575113809
0 0.5004480286738351 0.38315629742033386 0.0528673835125448 0.07738998482549317
0 0.4959677419354839 0.4666160849772383 0.06720430107526881 0.0804248861911988
0 0.5586917562724014 0.6236722306525038 0.0456989247311828 0.0819423368740516
0 0.6097670250896058 0.6707132018209409 0.05465949820788531 0.0819423368740516
0 0.6648745519713262 0.6449165402124432 0.053763440860215055 0.08497723823975721
0 0.6698028673835126 0.5485584218512899 0.07078853046594982 0.10166919575113809
0 0.6586021505376344 0.3884673748103187 0.05197132616487455 0.08497723823975721
0 0.7898745519713262 0.2943854324734446 0.051075268817204304 0.07890743550834597
0 0.8015232974910395 0.3907435508345979 0.03853046594982079 0.05614567526555387
0 0.8051075268817204 0.5728376327769348 0.0492831541218638 0.06525037936267071
0 0.8660394265232975 0.7473444613050076 0.03136200716845878 0.05614567526555387
0 0.9610215053763441 0.7207890743550834 0.05465949820788531 0.07283763277693475
0 0.9690860215053764 0.5918057663125948 0.05824372759856631 0.0637329286798179
0 0.9672939068100358 0.5311077389984825 0.06003584229390681 0.07283763277693475
0 0.96415770609319 0.46206373292867986 0.053763440860215055 0.0622154779969651
0 0.9802867383512545 0.28148710166919577 0.03763440860215054 0.10773899848254932
