0 0.06034482758620689 0.10819672131147541 0.053639846743295014 0.05683060109289617
0 0.14415708812260536 0.12076502732240438 0.048850574712643674 0.053551912568306013
0 0.21695402298850575 0.1284153005464481 0.04693486590038314 0.05573770491803279
0 0.26053639846743293 0.23060109289617486 0.05555555555555555 0.05901639344262295
0 0.1307471264367816 0.5519125683060109 0.1139846743295019 0.12240437158469945
0 0.3524904214559387 0.7781420765027323 0.12260536398467432 0.1355191256830601
0 0.4190613026819923 0.5032786885245901 0.10632183908045977 0.10819672131147541
0 0.45306513409961685 0.3945355191256831 0.12260536398467432 0.10273224043715846
0 0.5780651340996168 0.21475409836065573 0.05651340996168582 0.06229508196721312
0 0.7691570881226053 0.2540983606557377 0.09961685823754789 0.10601092896174863
0 0.8654214559386972 0.2743169398907104 0.06034482758620689 0.06120218579234973
0 0.8103448275862069 0.4781420765027322 0.06704980842911877 0.07103825136612021
0 0.8026819923371648 0.5918032786885246 0.10153256704980843 0.10163934426229508
