0 0.8022030651340996 0.11912568306010929 0.045019157088122604 0.04590163934426229
0 0.3807471264367816 0.1907103825136612 0.02586206896551724 0.020765027322404372
0 0.3740421455938697 0.2180327868852459 0.023946360153256702 0.029508196721311476
0 0.37068965517241376 0.2448087431693989 0.028735632183908046 0.028415300546448086
0 0.3620689655172414 0.3076502732240437 0.04597701149425287 0.04262295081967213
0 0.3553639846743295 0.35792349726775957 0.042145593869731796 0.03825136612021858
0 0.34770114942528735 0.4163934426229508 0.05172413793103448 0.05901639344262295
0 0.34099616858237547 0.4825136612021858 0.053639846743295014 0.053551912568306013
0 0.33237547892720304 0.5349726775956284 0.044061302681992334 0.04480874316939891
0 0.32088122605363983 0.6754098360655738 0.04980842911877394 0.06557377049180328
0 0.3136973180076628 0.7519125683060109 0.05076628352490421 0.07213114754098361
0 0.303639846743295 0.8349726775956284 0.044061302681992334 0.05683060109289617
0 0.29214559386973177 0.9366120218579235 0.05555555555555555 0.07650273224043716
