0 0.04837164750957854 0.25956284153005466 0.023946360153256702 0.0273224043715847
0 0.06800766283524903 0.26994535519125684 0.026819923371647507 0.02622950819672131
0 0.22844827586206895 0.22240437158469945 0.039272030651340994 0.04480874316939891
0 0.2696360153256705 0.2442622950819672 0.037356321839080456 0.046994535519125684
0 0.318007662835249 0.2546448087431694 0.038314176245210725 0.03715846994535519
0 0.36063218390804597 0.2786885245901639 0.04118773946360153 0.04590163934426229
0 0.45881226053639845 0.32349726775956283 0.044061302681992334 0.05027322404371585
0 0.5067049808429118 0.3480874316939891 0.040229885057471264 0.04918032786885246
0 0.4176245210727969 0.08579234972677596 0.028735632183908046 0.029508196721311476
0 0.42049808429118773 0.11584699453551912 0.03065134099616858 0.028415300546448086
0 0.4477969348659004 0.12021857923497267 0.035440613026819924 0.03278688524590164
0 0.45067049808429116 0.08360655737704918 0.023946360153256702 0.020765027322404372
0 0.4861111111111111 0.1366120218579235 0.037356321839080456 0.030601092896174863
0 0.5220306513409961 0.16666666666666666 0.034482758620689655 0.03169398907103825
0 0.5598659003831418 0.1907103825136612 0.04118773946360153 0.03169398907103825
0 0.8386015325670497 0.1907103825136612 0.07567049808429119 0.060109289617486336
0 0.7255747126436781 0.5415300546448087 0.05268199233716475 0.06666666666666667
0 0.7806513409961685 0.5387978142076503 0.06130268199233716 0.07213114754098361
0 0.8836206896551724 0.639344262295082 0.07183908045977011 0.05901639344262295
0 0.8946360153256705 0.7595628415300546 0.05938697318007662 0.08743169398907104
0 0.728448275862069 0.7054644808743169 0.05651340996168582 0.07978142076502732
0 0.5905172413793103 0.6475409836065574 0.04693486590038314 0.06666666666666667
0 0.5335249042145593 0.6185792349726776 0.04980842911877394 0.048087431693989074
0 0.4837164750957854 0.5934426229508196 0.04980842911877394 0.04371584699453552
0 0.44061302681992337 0.5524590163934426 0.038314176245210725 0.04262295081967213
0 0.3994252873563218 0.5169398907103825 0.021072796934865898 0.030601092896174863
0 0.2950191570881226 0.373224043715847 0.017241379310344827 0.018579234972677595
0 0.33955938697318006 0.3918032786885246 0.018199233716475093 0.022950819672131147
0 0.35919540229885055 0.3989071038251366 0.02490421455938697 0.024043715846994537
0 0.3836206896551724 0.41092896174863386 0.023946360153256702 0.024043715846994537
0 0.40804597701149425 0.42295081967213116 0.026819923371647507 0.02185792349726776
0 0.42863984674329497 0.43661202185792347 0.02586206896551724 0.0273224043715847
0 0.45162835249042144 0.4491803278688525 0.022030651340996167 0.02185792349726776
0 0.475095785440613 0.45901639344262296 0.026819923371647507 0.028415300546448086
0 0.49808429118773945 0.47650273224043715 0.026819923371647507 0.024043715846994537
0 0.5483716475095786 0.4961748633879781 0.02969348659003831 0.02622950819672131
