0 0.9295977011494252 0.04480874316939891 0.037356321839080456 0.034972677595628415
0 0.8970306513409961 0.06666666666666667 0.033524904214559385 0.03278688524590164
0 0.9813218390804597 0.260655737704918 0.03160919540229885 0.04918032786885246
0 0.7255747126436781 0.059562841530054644 0.043103448275862065 0.033879781420765025
0 0.5498084291187739 0.14918032786885246 0.05747126436781609 0.04262295081967213
0 0.657088122605364 0.2644808743169399 0.044061302681992334 0.05027322404371585
0 0.7006704980842912 0.3087431693989071 0.05459770114942528 0.046994535519125684
0 0.6163793103448275 0.4934426229508197 0.048850574712643674 0.06885245901639345
0 0.44013409961685823 0.6092896174863388 0.07375478927203065 0.06229508196721312
0 0.4722222222222222 0.6978142076502732 0.08045977011494253 0.07540983606557378
0 0.671455938697318 0.8622950819672132 0.08237547892720307 0.08524590163934426
0 0.7619731800766283 0.8147540983606557 0.06226053639846743 0.08196721311475409
