0 0.22201492537313433 0.7759562841530054 0.06716417910447761 0.1005464480874317
0 0.34328358208955223 0.42568306010928963 0.06716417910447761 0.05573770491803279
0 0.40718283582089554 0.4737704918032787 0.023320895522388058 0.022950819672131147
0 0.3857276119402985 0.13497267759562842 0.030783582089552237 0.0273224043715847
0 0.47154850746268656 0.26284153005464483 0.049440298507462684 0.040437158469945354
0 0.5181902985074627 0.2677595628415301 0.05503731343283582 0.05683060109289617
0 0.5970149253731343 0.23989071038251367 0.026119402985074626 0.025136612021857924
0 0.613339552238806 0.29180327868852457 0.049440298507462684 0.03715846994535519
0 0.6389925373134329 0.319672131147541 0.041044776119402986 0.03825136612021858
0 0.5111940298507462 0.3814207650273224 0.03544776119402985 0.034972677595628415
0 0.521455223880597 0.4191256830601093 0.03731343283582089 0.03825136612021858
0 0.5261194029850746 0.46939890710382515 0.06343283582089553 0.06229508196721312
0 0.5620335820895522 0.49562841530054647 0.05876865671641791 0.04918032786885246
0 0.5778917910447761 0.5371584699453552 0.06436567164179105 0.04918032786885246
0 0.6184701492537313 0.4453551912568306 0.041044776119402986 0.046994535519125684
0 0.753731343283582 0.5781420765027322 0.07462686567164178 0.08087431693989071
0 0.7439365671641791 0.4540983606557377 0.01958955223880597 0.018579234972677595
0 0.8050373134328358 0.41420765027322404 0.016791044776119403 0.02185792349726776
0 0.8194962686567164 0.4306010928961749 0.021455223880597014 0.024043715846994537
