0 0.310823754789272 0.8628415300546448 0.09865900383141762 0.11256830601092896
0 0.24233716475095785 0.592896174863388 0.13218390804597702 0.10819672131147541
0 0.20881226053639845 0.4781420765027322 0.10153256704980843 0.08196721311475409
0 0.14559386973180075 0.3366120218579235 0.06130268199233716 0.048087431693989074
0 0.20450191570881224 0.2825136612021858 0.07567049808429119 0.06448087431693988
0 0.3136973180076628 0.059562841530054644 0.07567049808429119 0.07103825136612021
0 0.3596743295019157 0.20163934426229507 0.0871647509578544 0.10163934426229508
0 0.4090038314176245 0.26721311475409837 0.04597701149425287 0.04918032786885246
0 0.4497126436781609 0.33989071038251367 0.06034482758620689 0.05027322404371585
0 0.5541187739463601 0.526775956284153 0.10057471264367815 0.09617486338797815
0 0.7840038314176245 0.5491803278688525 0.10057471264367815 0.10163934426229508
