0 0.29022988505747127 0.2087431693989071 0.08429118773946359 0.07868852459016393
0 0.23706896551724135 0.5049180327868853 0.06034482758620689 0.05027322404371585
0 0.22413793103448273 0.6065573770491803 0.10153256704980843 0.1005464480874317
0 0.20689655172413793 0.7327868852459016 0.1053639846743295 0.11256830601092896
0 0.1997126436781609 0.8491803278688524 0.06226053639846743 0.07431693989071038
0 0.539272030651341 0.09836065573770492 0.09195402298850575 0.07650273224043716
0 0.5014367816091954 0.5016393442622951 0.06034482758620689 0.0633879781420765
0 0.5033524904214559 0.5956284153005464 0.11206896551724137 0.10273224043715846
0 0.9339080459770115 0.2923497267759563 0.047892720306513405 0.053551912568306013
0 0.8290229885057471 0.22513661202185792 0.04118773946360153 0.034972677595628415
0 0.8500957854406129 0.7890710382513662 0.11015325670498084 0.1180327868852459
