0 0.0435823754789272 0.03551912568306011 0.07950191570881225 0.05573770491803279
0 0.046455938697318004 0.1180327868852459 0.09099616858237547 0.1180327868852459
0 0.6513409961685823 0.02459016393442623 0.03065134099616858 0.029508196721311476
0 0.6853448275862069 0.0273224043715847 0.03160919540229885 0.03278688524590164
0 0.6618773946360152 0.18579234972677597 0.09195402298850575 0.06994535519125683
0 0.6772030651340996 0.2644808743169399 0.09003831417624521 0.08087431693989071
0 0.689176245210728 0.34863387978142074 0.09482758620689655 0.08524590163934426
0 0.7126436781609196 0.44426229508196724 0.13218390804597702 0.10163934426229508
0 0.7241379310344828 0.5513661202185792 0.12068965517241378 0.11038251366120219
0 0.742816091954023 0.6765027322404371 0.11206896551724137 0.12459016393442623
0 0.7806513409961685 0.8808743169398907 0.1417624521072797 0.1551912568306011
