0 0.12452107279693486 0.31693989071038253 0.04597701149425287 0.04371584699453552
0 0.10727969348659003 0.35300546448087433 0.04597701149425287 0.04371584699453552
0 0.17049808429118773 0.2907103825136612 0.04597701149425287 0.041530054644808745
0 0.21120689655172412 0.2710382513661202 0.043103448275862065 0.041530054644808745
0 0.2279693486590038 0.28743169398907104 0.028735632183908046 0.030601092896174863
0 0.28975095785440613 0.33169398907103825 0.037356321839080456 0.03825136612021858
0 0.34386973180076624 0.2890710382513661 0.036398467432950186 0.03825136612021858
0 0.3793103448275862 0.2748633879781421 0.040229885057471264 0.036065573770491806
0 0.4363026819923371 0.22950819672131148 0.037356321839080456 0.039344262295081964
0 0.46024904214559387 0.21366120218579235 0.023946360153256702 0.033879781420765025
0 0.5378352490421455 0.24316939890710382 0.045019157088122604 0.03825136612021858
0 0.4104406130268199 0.33934426229508197 0.037356321839080456 0.036065573770491806
0 0.38457854406130265 0.35792349726775957 0.03160919540229885 0.040437158469945354
0 0.3524904214559387 0.3721311475409836 0.036398467432950186 0.036065573770491806
0 0.3189655172413793 0.3989071038251366 0.05172413793103448 0.041530054644808745
0 0.5761494252873562 0.33114754098360655 0.06034482758620689 0.05901639344262295
0 0.7806513409961685 0.24316939890710382 0.047892720306513405 0.040437158469945354
0 0.7849616858237547 0.33224043715846996 0.04118773946360153 0.039344262295081964
0 0.8984674329501915 0.34972677595628415 0.042145593869731796 0.041530054644808745
0 0.8649425287356322 0.37923497267759565 0.04597701149425287 0.04371584699453552
0 0.8299808429118773 0.41475409836065574 0.043103448275862065 0.04262295081967213
0 0.7595785440613027 0.47978142076502733 0.05172413793103448 0.04590163934426229
0 0.7016283524904214 0.5262295081967213 0.06800766283524903 0.07540983606557378
0 0.7648467432950191 0.5923497267759563 0.06417624521072797 0.08087431693989071
0 0.5277777777777778 0.6371584699453552 0.044061302681992334 0.05245901639344262
0 0.4650383141762452 0.6349726775956284 0.05459770114942528 0.0546448087431694
0 0.5665708812260536 0.6863387978142077 0.05076628352490421 0.06557377049180328
0 0.5660919540229885 0.7426229508196721 0.05172413793103448 0.06885245901639345
