0 0.2777777777777778 0.8978142076502732 0.05938697318007662 0.06885245901639345
0 0.07662835249042145 0.34863387978142074 0.06704980842911877 0.07213114754098361
0 0.7950191570881225 0.7240437158469946 0.07088122605363985 0.06885245901639345
0 0.7140804597701149 0.5994535519125683 0.06609195402298851 0.06229508196721312
0 0.6412835249042145 0.48743169398907105 0.05842911877394636 0.05683060109289617
0 0.38840996168582376 0.1 0.04118773946360153 0.036065573770491806
0 0.5076628352490421 0.06448087431693988 0.042145593869731796 0.041530054644808745
0 0.5751915708812261 0.14808743169398908 0.05076628352490421 0.03825136612021858
0 0.6446360153256705 0.24316939890710382 0.034482758620689655 0.040437158469945354
0 0.9755747126436781 0.07923497267759563 0.048850574712643674 0.05136612021857923
