0 0.6049440298507462 0.29562841530054645 0.03264925373134328 0.040437158469945354
0 0.6301305970149254 0.33825136612021856 0.027052238805970148 0.025136612021857924
0 0.6459888059701493 0.3546448087431694 0.01958955223880597 0.018579234972677595
0 0.6571828358208955 0.39398907103825137 0.036380597014925374 0.04480874316939891
0 0.7392723880597015 0.26939890710382514 0.03824626865671642 0.03825136612021858
0 0.7700559701492538 0.24863387978142076 0.04011194029850746 0.04262295081967213
0 0.6972947761194029 0.2972677595628415 0.023320895522388058 0.028415300546448086
0 0.7094216417910447 0.30983606557377047 0.01958955223880597 0.022950819672131147
0 0.7318097014925373 0.33989071038251367 0.017723880597014924 0.02185792349726776
0 0.7509328358208955 0.34972677595628415 0.020522388059701493 0.024043715846994537
0 0.771455223880597 0.3737704918032787 0.014925373134328358 0.019672131147540982
0 0.7709888059701493 0.387431693989071 0.01958955223880597 0.025136612021857924
0 0.7868470149253731 0.40382513661202185 0.021455223880597014 0.020765027322404372
0 0.9015858208955224 0.43005464480874317 0.027052238805970148 0.0273224043715847
0 0.6791044776119403 0.5245901639344263 0.024253731343283583 0.03278688524590164
0 0.6338619402985074 0.5562841530054645 0.025186567164179104 0.030601092896174863
0 0.6595149253731343 0.6114754098360655 0.046641791044776115 0.04918032786885246
0 0.71875 0.5639344262295082 0.04757462686567164 0.05901639344262295
0 0.6086753731343284 0.6502732240437158 0.030783582089552237 0.03278688524590164
0 0.5 0.7202185792349727 0.046641791044776115 0.0633879781420765
0 0.34328358208955223 0.7961748633879782 0.04477611940298507 0.06885245901639345
0 0.18936567164179105 0.8508196721311475 0.061567164179104475 0.05573770491803279
