0 0.5445402298850575 0.3524590163934426 0.035440613026819924 0.033879781420765025
0 0.8376436781609194 0.40327868852459015 0.037356321839080456 0.04371584699453552
0 0.2557471264367816 0.5038251366120219 0.028735632183908046 0.02622950819672131
0 0.2624521072796935 0.5327868852459017 0.02490421455938697 0.03169398907103825
0 0.16762452107279693 0.5513661202185792 0.019157088122605363 0.020765027322404372
0 0.17049808429118773 0.578688524590164 0.019157088122605363 0.020765027322404372
0 0.1757662835249042 0.6081967213114754 0.016283524904214558 0.0273224043715847
0 0.1910919540229885 0.7071038251366121 0.018199233716475093 0.028415300546448086
0 0.20450191570881224 0.7743169398907104 0.018199233716475093 0.03169398907103825
0 0.3611111111111111 0.7918032786885246 0.03065134099616858 0.04262295081967213
0 0.4722222222222222 0.7650273224043715 0.028735632183908046 0.030601092896174863
