0 0.3979885057471264 0.07213114754098361 0.10057471264367815 0.06557377049180328
0 0.3625478927203065 0.020218579234972677 0.09865900383141762 0.0273224043715847
0 0.9190613026819923 0.07377049180327869 0.043103448275862065 0.029508196721311476
0 0.9291187739463601 0.11693989071038251 0.04597701149425287 0.041530054644808745
0 0.978927203065134 0.3300546448087432 0.036398467432950186 0.08743169398907104
0 0.8314176245210727 0.14153005464480875 0.07471264367816091 0.06666666666666667
0 0.5881226053639846 0.24043715846994534 0.08812260536398467 0.08524590163934426
0 0.33237547892720304 0.34972677595628415 0.10153256704980843 0.10710382513661203
0 0.11159003831417624 0.42185792349726775 0.10057471264367815 0.09398907103825137
0 0.2476053639846743 0.6792349726775956 0.09674329501915709 0.13879781420765028
0 0.4846743295019157 0.5770491803278689 0.09961685823754789 0.12459016393442623
0 0.603927203065134 0.5284153005464481 0.09674329501915709 0.11038251366120219
0 0.7183908045977011 0.4748633879781421 0.09770114942528735 0.10819672131147541
0 0.9185823754789272 0.387431693989071 0.09386973180076628 0.10601092896174863
