0 0.12068965517241378 0.23934426229508196 0.040229885057471264 0.048087431693989074
0 0.16235632183908044 0.2546448087431694 0.043103448275862065 0.048087431693989074
0 0.20833333333333331 0.2562841530054645 0.043103448275862065 0.05136612021857923
0 0.2624521072796935 0.2612021857923497 0.04597701149425287 0.05027322404371585
0 0.39128352490421453 0.3158469945355191 0.04693486590038314 0.04590163934426229
0 0.38314176245210724 0.3743169398907104 0.07279693486590037 0.07103825136612021
0 0.32950191570881227 0.6491803278688525 0.06130268199233716 0.06557377049180328
0 0.3414750957854406 0.7295081967213115 0.05459770114942528 0.06666666666666667
0 0.33381226053639845 0.8043715846994536 0.05268199233716475 0.07213114754098361
0 0.30986590038314177 0.9103825136612022 0.07183908045977011 0.07650273224043716
0 0.6767241379310345 0.3 0.07183908045977011 0.06666666666666667
0 0.6757662835249042 0.3879781420765027 0.10057471264367815 0.09398907103825137
0 0.6791187739463601 0.4846994535519126 0.1053639846743295 0.09508196721311475
0 0.6800766283524904 0.5868852459016394 0.10153256704980843 0.10273224043715846
0 0.6815134099616857 0.826775956284153 0.11973180076628352 0.13224043715846995
0 0.6853448275862069 0.9513661202185792 0.1139846743295019 0.09726775956284153
0 0.8874521072796935 0.17431693989071037 0.048850574712643674 0.046994535519125684
0 0.864463601532567 0.28415300546448086 0.09099616858237547 0.08524590163934426
0 0.8649425287356322 0.40765027322404374 0.10344827586206896 0.09836065573770492
0 0.886015325670498 0.5502732240437158 0.1053639846743295 0.10163934426229508
0 0.8946360153256705 0.6846994535519125 0.09003831417624521 0.08633879781420765
0 0.9343869731800766 0.9622950819672131 0.12547892720306514 0.073224043715847
