0 0.2064176245210728 0.053005464480874315 0.048850574712643674 0.03825136612021858
0 0.5866858237547893 0.012568306010928962 0.04693486590038314 0.022950819672131147
0 0.8381226053639846 0.08633879781420765 0.042145593869731796 0.04590163934426229
0 0.9137931034482758 0.11693989071038251 0.08045977011494253 0.06120218579234973
0 0.7159961685823755 0.42131147540983604 0.05076628352490421 0.05573770491803279
0 0.617816091954023 0.49836065573770494 0.05747126436781609 0.05901639344262295
0 0.5699233716475095 0.6284153005464481 0.10919540229885057 0.10273224043715846
0 0.2777777777777778 0.6278688524590164 0.06704980842911877 0.06885245901639345
0 0.9200191570881225 0.6355191256830601 0.07567049808429119 0.06885245901639345
0 0.8620689655172413 0.8366120218579235 0.13793103448275862 0.13224043715846995
