0 0.14990421455938696 0.1901639344262295 0.06609195402298851 0.04590163934426229
0 0.15804597701149425 0.24371584699453552 0.07088122605363985 0.05901639344262295
0 0.2935823754789272 0.2098360655737705 0.06800766283524903 0.0546448087431694
0 0.3682950191570881 0.16775956284153004 0.05651340996168582 0.040437158469945354
0 0.40804597701149425 0.21202185792349726 0.042145593869731796 0.030601092896174863
0 0.2777777777777778 0.28797814207650274 0.0632183908045977 0.04918032786885246
0 0.27586206896551724 0.4568306010928962 0.06704980842911877 0.06775956284153005
0 0.32567049808429116 0.45792349726775955 0.040229885057471264 0.05027322404371585
0 0.36733716475095785 0.4672131147540984 0.04118773946360153 0.040437158469945354
0 0.4061302681992337 0.4814207650273224 0.038314176245210725 0.040437158469945354
0 0.28160919540229884 0.5344262295081967 0.07471264367816091 0.06994535519125683
0 0.2959770114942529 0.5978142076502733 0.06513409961685823 0.06775956284153005
0 0.3505747126436781 0.7284153005464481 0.044061302681992334 0.04480874316939891
0 0.5636973180076628 0.492896174863388 0.05842911877394636 0.0633879781420765
0 0.82183908045977 0.2896174863387978 0.047892720306513405 0.048087431693989074
0 0.3864942528735632 0.8868852459016393 0.05459770114942528 0.06229508196721312
0 0.37883141762452105 0.9737704918032787 0.05651340996168582 0.0546448087431694
0 0.6551724137931034 0.953551912568306 0.05172413793103448 0.06885245901639345
