0 0.1671455938697318 0.1 0.045019157088122604 0.04480874316939891
0 0.2404214559386973 0.19781420765027322 0.07662835249042145 0.06557377049180328
0 0.31848659003831414 0.1726775956284153 0.04693486590038314 0.04590163934426229
0 0.4339080459770115 0.10765027322404372 0.06896551724137931 0.05792349726775956
0 0.4813218390804597 0.22076502732240438 0.04693486590038314 0.04590163934426229
0 0.2868773946360153 0.3404371584699454 0.08141762452107279 0.07540983606557378
0 0.18055555555555555 0.4065573770491803 0.09865900383141762 0.1005464480874317
0 0.48563218390804597 0.66775956284153 0.05938697318007662 0.06557377049180328
0 0.7313218390804598 0.7775956284153005 0.10057471264367815 0.12568306010928962
0 0.8639846743295019 0.6349726775956284 0.07471264367816091 0.08087431693989071
