0 0.056640625 0.0732421875 0.10546875 0.076171875
0 0.078125 0.2255859375 0.08984375 0.068359375
0 0.1357421875 0.12890625 0.083984375 0.06640625
0 0.1083984375 0.408203125 0.099609375 0.05859375
0 0.1875 0.455078125 0.08203125 0.05859375
0 0.1357421875 0.5595703125 0.095703125 0.068359375
0 0.1611328125 0.7041015625 0.107421875 0.068359375
0 0.2265625 0.75390625 0.09765625 0.06640625
0 0.1767578125 0.8623046875 0.099609375 0.083984375
0 0.634765625 0.033203125 0.0859375 0.0546875
0 0.65625 0.1875 0.07421875 0.0625
0 0.6845703125 0.3701171875 0.087890625 0.068359375
0 0.7587890625 0.4140625 0.099609375 0.0703125
0 0.7080078125 0.5166015625 0.087890625 0.068359375
0 0.783203125 0.56640625 0.09375 0.06640625
0 0.8017578125 0.71484375 0.099609375 0.08203125
0 0.7958984375 0.8251953125 0.146484375 0.130859375
0 0.8251953125 0.9697265625 0.091796875 0.068359375
0 0.8681640625 0.076171875 0.091796875 0.07421875
