0 0.0435823754789272 0.03333333333333333 0.08141762452107279 0.053551912568306013
0 0.04932950191570881 0.11420765027322405 0.09674329501915709 0.10819672131147541
0 0.6542145593869731 0.026775956284153007 0.036398467432950186 0.03169398907103825
0 0.6863026819923371 0.028415300546448086 0.037356321839080456 0.034972677595628415
0 0.6628352490421455 0.18633879781420765 0.09578544061302681 0.06885245901639345
0 0.6757662835249042 0.2644808743169399 0.09291187739463601 0.08087431693989071
0 0.689176245210728 0.35081967213114756 0.10057471264367815 0.08524590163934426
0 0.7092911877394635 0.446448087431694 0.13505747126436782 0.0907103825136612
0 0.7227011494252873 0.5562841530054645 0.11781609195402298 0.10710382513661203
0 0.7404214559386972 0.6808743169398908 0.1111111111111111 0.126775956284153
0 0.778735632183908 0.8836065573770492 0.13793103448275862 0.14754098360655737
