0 0.5114942528735632 0.8415300546448088 0.05747126436781609 0.06994535519125683
0 0.4794061302681992 0.773224043715847 0.048850574712643674 0.06229508196721312
0 0.4521072796934866 0.7098360655737704 0.05747126436781609 0.04918032786885246
0 0.42528735632183906 0.6508196721311476 0.05747126436781609 0.04918032786885246
0 0.39032567049808425 0.5846994535519126 0.07758620689655173 0.07213114754098361
0 0.3539272030651341 0.49562841530054647 0.08141762452107279 0.060109289617486336
0 0.3113026819923371 0.43278688524590164 0.0632183908045977 0.05901639344262295
0 0.6872605363984674 0.6333333333333333 0.07375478927203065 0.06666666666666667
0 0.6451149425287356 0.5349726775956284 0.07183908045977011 0.06666666666666667
0 0.2260536398467433 0.22950819672131148 0.06130268199233716 0.04590163934426229
0 0.20450191570881224 0.17868852459016393 0.06992337164750957 0.05573770491803279
0 0.1772030651340996 0.12404371584699453 0.04980842911877394 0.04262295081967213
0 0.164272030651341 0.07103825136612021 0.06226053639846743 0.041530054644808745
0 0.1503831417624521 0.028415300546448086 0.04597701149425287 0.041530054644808745
