0 0.7634099616858238 0.9650273224043716 0.09003831417624521 0.06557377049180328
0 0.6915708812260536 0.8633879781420765 0.1053639846743295 0.1180327868852459
0 0.6139846743295019 0.76775956284153 0.07279693486590037 0.07103825136612021
0 0.5704022988505747 0.6579234972677596 0.09482758620689655 0.09398907103825137
0 0.524904214559387 0.566120218579235 0.09578544061302681 0.08306010928961749
0 0.37068965517241376 0.3087431693989071 0.07471264367816091 0.06666666666666667
0 0.33381226053639845 0.246448087431694 0.06800766283524903 0.060109289617486336
0 0.3079501915708812 0.18633879781420765 0.07567049808429119 0.06229508196721312
0 0.853927203065134 0.6513661202185792 0.09674329501915709 0.08961748633879782
0 0.7777777777777778 0.5748633879781421 0.05938697318007662 0.05245901639344262
0 0.7409003831417624 0.5245901639344263 0.05459770114942528 0.05245901639344262
0 0.7164750957854406 0.4306010928961749 0.05172413793103448 0.04590163934426229
0 0.6455938697318008 0.35628415300546445 0.07662835249042145 0.06775956284153005
0 0.5766283524904214 0.2743169398907104 0.07279693486590037 0.06120218579234973
0 0.5335249042145593 0.21584699453551912 0.07854406130268199 0.06229508196721312
0 0.5028735632183908 0.15792349726775956 0.0632183908045977 0.053551912568306013
0 0.46024904214559387 0.11475409836065574 0.06992337164750957 0.05245901639344262
0 0.43199233716475094 0.06885245901639345 0.0632183908045977 0.04590163934426229
