0 0.1925287356321839 0.1185792349726776 0.05747126436781609 0.05136612021857923
0 0.26915708812260536 0.1644808743169399 0.05555555555555555 0.060109289617486336
0 0.31992337164750956 0.36721311475409835 0.05747126436781609 0.07868852459016393
0 0.3692528735632184 0.38907103825136613 0.05459770114942528 0.0546448087431694
0 0.4521072796934866 0.32349726775956283 0.05747126436781609 0.0546448087431694
0 0.4976053639846743 0.3355191256830601 0.05268199233716475 0.04590163934426229
0 0.5148467432950191 0.43169398907103823 0.027777777777777776 0.030601092896174863
0 0.5766283524904214 0.3617486338797814 0.05938697318007662 0.07213114754098361
0 0.6139846743295019 0.31420765027322406 0.05938697318007662 0.06885245901639345
0 0.6594827586206896 0.5174863387978142 0.06609195402298851 0.08852459016393442
0 0.7255747126436781 0.5617486338797815 0.07758620689655173 0.09180327868852459
0 0.6930076628352491 0.6120218579234973 0.05651340996168582 0.06994535519125683
0 0.6264367816091954 0.5737704918032787 0.05747126436781609 0.06557377049180328
0 0.6206896551724138 0.6502732240437158 0.05747126436781609 0.07213114754098361
0 0.5565134099616857 0.6830601092896175 0.09386973180076628 0.08524590163934426
0 0.900383141762452 0.6486338797814207 0.06896551724137931 0.06885245901639345
0 0.6388888888888888 0.26557377049180325 0.05172413793103448 0.05245901639344262
0 0.7116858237547893 0.2967213114754098 0.05555555555555555 0.04918032786885246
