0 0.17337164750957854 0.10983606557377049 0.0632183908045977 0.053551912568306013
0 0.07950191570881225 0.2005464480874317 0.040229885057471264 0.033879781420765025
0 0.042624521072796934 0.2939890710382514 0.04693486590038314 0.03715846994535519
0 0.08045977011494253 0.34207650273224044 0.04597701149425287 0.048087431693989074
0 0.13218390804597702 0.3174863387978142 0.05747126436781609 0.06448087431693988
0 0.1585249042145594 0.4377049180327869 0.05076628352490421 0.053551912568306013
0 0.23371647509578544 0.6065573770491803 0.04980842911877394 0.0546448087431694
0 0.2959770114942529 0.5551912568306011 0.06130268199233716 0.08306010928961749
0 0.3807471264367816 0.4273224043715847 0.06417624521072797 0.05683060109289617
0 0.3769157088122605 0.3273224043715847 0.08524904214559387 0.07759562841530054
0 0.38553639846743293 0.2360655737704918 0.09099616858237547 0.07650273224043716
0 0.5747126436781609 0.23879781420765028 0.08429118773946359 0.07759562841530054
0 0.8055555555555555 0.3622950819672131 0.08045977011494253 0.06666666666666667
0 0.9521072796934865 0.3726775956284153 0.05555555555555555 0.0633879781420765
