0 0.2763409961685824 0.28743169398907104 0.06417624521072797 0.0633879781420765
0 0.3908045977011494 0.4792349726775956 0.08620689655172413 0.0994535519125683
0 0.3840996168582375 0.5775956284153005 0.06130268199233716 0.06666666666666667
0 0.4382183908045977 0.5650273224043716 0.05459770114942528 0.05245901639344262
0 0.5129310344827586 0.725136612021858 0.08333333333333333 0.0994535519125683
0 0.5478927203065134 0.23169398907103825 0.04980842911877394 0.0546448087431694
0 0.6369731800766283 0.12786885245901639 0.032567049808429116 0.03278688524590164
0 0.6398467432950191 0.16612021857923498 0.032567049808429116 0.028415300546448086
0 0.639367816091954 0.2010928961748634 0.037356321839080456 0.039344262295081964
0 0.6728927203065134 0.14863387978142076 0.033524904214559385 0.02622950819672131
0 0.7246168582375478 0.19562841530054645 0.02969348659003831 0.030601092896174863
0 0.9133141762452107 0.3185792349726776 0.037356321839080456 0.033879781420765025
0 0.9458812260536398 0.33169398907103825 0.033524904214559385 0.0273224043715847
0 0.9272030651340996 0.35355191256830604 0.036398467432950186 0.036065573770491806
0 0.957375478927203 0.36065573770491804 0.02969348659003831 0.03278688524590164
0 0.971743295019157 0.34972677595628415 0.039272030651340994 0.028415300546448086
