0 0.35344827586206895 0.07923497267759563 0.05747126436781609 0.07103825136612021
0 0.3247126436781609 0.4349726775956284 0.05747126436781609 0.06994535519125683
0 0.38697318007662834 0.4601092896174863 0.05938697318007662 0.07868852459016393
0 0.44204980842911873 0.49836065573770494 0.043103448275862065 0.05245901639344262
0 0.4947318007662835 0.5120218579234973 0.04693486590038314 0.06448087431693988
0 0.6384099616858238 0.5814207650273224 0.04693486590038314 0.05901639344262295
0 0.7112068965517241 0.773224043715847 0.08333333333333333 0.07540983606557378
0 0.7097701149425287 0.8431693989071039 0.040229885057471264 0.05792349726775956
0 0.7260536398467432 0.8939890710382513 0.03065134099616858 0.03715846994535519
0 0.7231800766283525 0.9502732240437158 0.04980842911877394 0.06229508196721312
