0 0.07902298850574713 0.8508196721311475 0.05076628352490421 0.060109289617486336
0 0.20019157088122605 0.9792349726775956 0.04597701149425287 0.04590163934426229
0 0.25 0.912568306010929 0.04597701149425287 0.06557377049180328
0 0.31273946360153254 0.807103825136612 0.05842911877394636 0.06448087431693988
0 0.3826628352490421 0.7530054644808744 0.045019157088122604 0.05245901639344262
0 0.4075670498084291 0.6759562841530055 0.06800766283524903 0.06229508196721312
0 0.4415708812260536 0.6054644808743169 0.042145593869731796 0.04590163934426229
0 0.46216475095785436 0.5245901639344263 0.04118773946360153 0.048087431693989074
0 0.4813218390804597 0.419672131147541 0.02969348659003831 0.03715846994535519
0 0.49712643678160917 0.4748633879781421 0.03065134099616858 0.033879781420765025
0 0.5138888888888888 0.44699453551912566 0.02969348659003831 0.041530054644808745
0 0.553639846743295 0.46775956284153003 0.053639846743295014 0.06557377049180328
0 0.5914750957854406 0.5098360655737705 0.039272030651340994 0.04480874316939891
0 0.6297892720306513 0.5322404371584699 0.048850574712643674 0.05245901639344262
0 0.6987547892720306 0.5710382513661202 0.05268199233716475 0.05573770491803279
0 0.7849616858237547 0.5622950819672131 0.05268199233716475 0.04918032786885246
0 0.9540229885057471 0.3147540983606557 0.047892720306513405 0.03715846994535519
0 0.900383141762452 0.7852459016393443 0.06896551724137931 0.06666666666666667
