0 0.03264925373134328 0.06120218579234973 0.03917910447761194 0.041530054644808745
0 0.06576492537313433 0.0715846994535519 0.03264925373134328 0.029508196721311476
0 0.09468283582089553 0.08688524590163935 0.030783582089552237 0.029508196721311476
0 0.1310634328358209 0.09617486338797815 0.030783582089552237 0.02622950819672131
0 0.009794776119402986 0.41475409836065574 0.017723880597014924 0.029508196721311476
0 0.02845149253731343 0.31366120218579235 0.041977611940298504 0.034972677595628415
0 0.08675373134328358 0.26284153005464483 0.03731343283582089 0.03825136612021858
0 0.16651119402985073 0.2721311475409836 0.05503731343283582 0.04590163934426229
0 0.13152985074626866 0.6715846994535519 0.05223880597014925 0.05573770491803279
0 0.1501865671641791 0.7316939890710382 0.055970149253731345 0.07103825136612021
0 0.15345149253731344 0.8415300546448088 0.08675373134328358 0.12240437158469945
0 0.4748134328358209 0.2530054644808743 0.0914179104477612 0.073224043715847
0 0.5699626865671642 0.22896174863387977 0.08768656716417911 0.07540983606557378
0 0.583955223880597 0.3726775956284153 0.09701492537313433 0.08743169398907104
0 0.9057835820895522 0.6300546448087432 0.13246268656716417 0.1431693989071038
