0 0.2974137931034483 0.018579234972677595 0.05459770114942528 0.030601092896174863
0 0.31178160919540227 0.04644808743169399 0.06034482758620689 0.033879781420765025
0 0.3055555555555555 0.10382513661202186 0.040229885057471264 0.03715846994535519
0 0.35919540229885055 0.20327868852459016 0.040229885057471264 0.039344262295081964
0 0.3668582375478927 0.2459016393442623 0.042145593869731796 0.04590163934426229
0 0.2543103448275862 0.519672131147541 0.043103448275862065 0.04918032786885246
0 0.2744252873563218 0.5989071038251366 0.043103448275862065 0.0546448087431694
0 0.2844827586206896 0.659016393442623 0.040229885057471264 0.05901639344262295
0 0.3017241379310345 0.7185792349726776 0.04597701149425287 0.053551912568306013
0 0.31417624521072796 0.7989071038251366 0.08620689655172413 0.06994535519125683
0 0.3304597701149425 0.8934426229508197 0.08620689655172413 0.07540983606557378
0 0.771551724137931 0.8021857923497268 0.03160919540229885 0.03715846994535519
0 0.7806513409961685 0.8300546448087431 0.038314176245210725 0.025136612021857924
0 0.8309386973180076 0.7579234972677595 0.033524904214559385 0.053551912568306013
0 0.8591954022988505 0.8142076502732241 0.04597701149425287 0.06557377049180328
0 0.8764367816091954 0.8803278688524591 0.05747126436781609 0.07540983606557378
0 0.9310344827586207 0.8792349726775956 0.09770114942528735 0.10382513661202186
0 0.9434865900383141 0.9579234972677596 0.10919540229885057 0.07978142076502732
0 0.9113984674329502 0.7333333333333333 0.045019157088122604 0.06994535519125683
0 0.9166666666666666 0.7956284153005464 0.06896551724137931 0.08087431693989071
0 0.960727969348659 0.7021857923497268 0.06896551724137931 0.08415300546448087
0 0.9578544061302682 0.7448087431693989 0.034482758620689655 0.03169398907103825
0 0.9736590038314176 0.7710382513661203 0.037356321839080456 0.03169398907103825
0 0.9808429118773946 0.807103825136612 0.034482758620689655 0.03825136612021858
0 0.6973180076628352 0.22513661202185792 0.038314176245210725 0.041530054644808745
