0 0.26436781609195403 0.2562841530054645 0.0632183908045977 0.06448087431693988
0 0.3103448275862069 0.23224043715846995 0.0632183908045977 0.06229508196721312
0 0.08812260536398467 0.5704918032786885 0.08045977011494253 0.06994535519125683
0 0.1757662835249042 0.5382513661202186 0.09482758620689655 0.09508196721311475
0 0.26628352490421453 0.47704918032786886 0.07279693486590037 0.06229508196721312
0 0.3275862068965517 0.5491803278688525 0.040229885057471264 0.03825136612021858
0 0.056034482758620684 0.7524590163934426 0.08333333333333333 0.11475409836065574
0 0.42049808429118773 0.6284153005464481 0.040229885057471264 0.03715846994535519
0 0.47701149425287354 0.5371584699453552 0.032567049808429116 0.04918032786885246
0 0.5354406130268199 0.4967213114754098 0.05172413793103448 0.05792349726775956
0 0.6604406130268199 0.4158469945355191 0.06417624521072797 0.08852459016393442
0 0.7231800766283525 0.3978142076502732 0.07279693486590037 0.07868852459016393
0 0.7911877394636015 0.36721311475409835 0.04597701149425287 0.041530054644808745
0 0.8280651340996168 0.3377049180327869 0.02586206896551724 0.02622950819672131
0 0.8692528735632183 0.33224043715846996 0.048850574712643674 0.06120218579234973
0 0.9257662835249042 0.29890710382513663 0.043103448275862065 0.03825136612021858
0 0.7710727969348659 0.06885245901639345 0.05747126436781609 0.04590163934426229
0 0.7796934865900382 0.05573770491803279 0.036398467432950186 0.034972677595628415
0 0.7796934865900382 0.011475409836065573 0.040229885057471264 0.022950819672131147
0 0.8424329501915708 0.046994535519125684 0.04118773946360153 0.028415300546448086
0 0.8151340996168582 0.03551912568306011 0.04597701149425287 0.03825136612021858
0 0.8639846743295019 0.03278688524590164 0.053639846743295014 0.04371584699453552
0 0.918103448275862 0.03442622950819672 0.05268199233716475 0.040437158469945354
0 0.960727969348659 0.025136612021857924 0.040229885057471264 0.030601092896174863
0 0.8778735632183907 0.6868852459016394 0.08141762452107279 0.07540983606557378
0 0.932471264367816 0.6699453551912569 0.039272030651340994 0.04590163934426229
0 0.9626436781609194 0.6551912568306011 0.040229885057471264 0.04918032786885246
0 0.9545019157088123 0.6136612021857923 0.05268199233716475 0.040437158469945354
0 0.9367816091954022 0.7710382513661203 0.06130268199233716 0.060109289617486336
0 0.9698275862068965 0.8300546448087431 0.05842911877394636 0.07103825136612021
0 0.8869731800766283 0.8316939890710382 0.11685823754789272 0.13114754098360656
0 0.1982758620689655 0.23989071038251367 0.032567049808429116 0.0273224043715847
