0 0.7126436781609196 0.033879781420765025 0.08620689655172413 0.05901639344262295
0 0.6024904214559387 0.023497267759562842 0.047892720306513405 0.040437158469945354
0 0.7878352490421455 0.021311475409836064 0.04693486590038314 0.029508196721311476
0 0.12691570881226052 0.03333333333333333 0.07375478927203065 0.053551912568306013
0 0.20881226053639845 0.05628415300546448 0.07854406130268199 0.073224043715847
0 0.3759578544061303 0.11366120218579234 0.08908045977011494 0.09617486338797815
0 0.26676245210727967 0.20218579234972678 0.09482758620689655 0.08306010928961749
0 0.24329501915708812 0.2994535519125683 0.06130268199233716 0.05901639344262295
0 0.2064176245210728 0.380327868852459 0.07183908045977011 0.05901639344262295
0 0.16618773946360152 0.4551912568306011 0.07758620689655173 0.05573770491803279
0 0.06848659003831417 0.6234972677595628 0.06034482758620689 0.060109289617486336
0 0.06178160919540229 0.7027322404371584 0.05459770114942528 0.05901639344262295
0 0.475095785440613 0.3765027322404372 0.09195402298850575 0.09508196721311475
0 0.42289272030651337 0.48743169398907105 0.10440613026819923 0.1005464480874317
0 0.37164750957854403 0.6251366120218579 0.07471264367816091 0.07431693989071038
0 0.3136973180076628 0.7448087431693989 0.11973180076628352 0.13224043715846995
0 0.26628352490421453 0.9049180327868852 0.08429118773946359 0.08524590163934426
0 0.9013409961685823 0.14972677595628414 0.07854406130268199 0.08961748633879782
0 0.7504789272030651 0.3120218579234973 0.10440613026819923 0.07978142076502732
0 0.643199233716475 0.6573770491803279 0.11206896551724137 0.11475409836065574
0 0.6091954022988505 0.7956284153005464 0.1264367816091954 0.13333333333333333
