0 0.05970149253731343 0.6191256830601093 0.03544776119402985 0.033879781420765025
0 0.06110074626865671 0.6502732240437158 0.03451492537313433 0.028415300546448086
0 0.060167910447761194 0.6830601092896175 0.028917910447761194 0.041530054644808745
0 0.17350746268656717 0.6333333333333333 0.05970149253731343 0.06666666666666667
0 0.2555970149253731 0.6163934426229508 0.07649253731343283 0.06994535519125683
0 0.3362873134328358 0.5972677595628415 0.07369402985074627 0.06885245901639345
0 0.416044776119403 0.5765027322404371 0.07462686567164178 0.06448087431693988
0 0.49347014925373134 0.5557377049180328 0.07835820895522388 0.06885245901639345
0 0.570429104477612 0.521311475409836 0.07555970149253731 0.06994535519125683
0 0.6096082089552238 0.6245901639344262 0.04011194029850746 0.04480874316939891
0 0.6259328358208955 0.6896174863387978 0.03544776119402985 0.041530054644808745
0 0.6893656716417911 0.7191256830601093 0.046641791044776115 0.048087431693989074
0 0.7518656716417911 0.7065573770491803 0.03917910447761194 0.05136612021857923
0 0.7765858208955224 0.4601092896174863 0.06063432835820896 0.06557377049180328
0 0.7672574626865671 0.39617486338797814 0.03824626865671642 0.04262295081967213
0 0.8348880597014925 0.607103825136612 0.03917910447761194 0.0907103825136612
