0 0.09674329501915709 0.030054644808743168 0.05555555555555555 0.053551912568306013
0 0.08668582375478927 0.08306010928961749 0.05842911877394636 0.04590163934426229
0 0.06704980842911877 0.1644808743169399 0.05747126436781609 0.04480874316939891
0 0.051245210727969344 0.21530054644808744 0.06609195402298851 0.04371584699453552
0 0.033045977011494254 0.26612021857923496 0.06034482758620689 0.053551912568306013
0 0.3299808429118774 0.11092896174863388 0.048850574712643674 0.04918032786885246
0 0.285919540229885 0.3120218579234973 0.037356321839080456 0.03825136612021858
0 0.27729885057471265 0.4103825136612022 0.05459770114942528 0.05136612021857923
0 0.38314176245210724 0.38688524590163936 0.05747126436781609 0.05901639344262295
0 0.2404214559386973 0.6475409836065574 0.053639846743295014 0.05573770491803279
0 0.27490421455938696 0.7666666666666667 0.05938697318007662 0.06885245901639345
0 0.717911877394636 0.8136612021857923 0.048850574712643674 0.060109289617486336
0 0.8524904214559387 0.8202185792349727 0.06513409961685823 0.07103825136612021
