0 0.3694029850746269 0.07868852459016393 0.014925373134328358 0.019672131147540982
0 0.3871268656716418 0.07486338797814207 0.018656716417910446 0.018579234972677595
0 0.41324626865671643 0.0715846994535519 0.024253731343283583 0.020765027322404372
0 0.4337686567164179 0.06612021857923497 0.016791044776119403 0.014207650273224043
0 0.36847014925373134 0.11475409836065574 0.016791044776119403 0.015300546448087432
0 0.38619402985074625 0.10765027322404372 0.018656716417910446 0.01639344262295082
0 0.38386194029850745 0.12459016393442623 0.023320895522388058 0.019672131147540982
0 0.355410447761194 0.15027322404371585 0.016791044776119403 0.01639344262295082
0 0.314365671641791 0.16065573770491803 0.014925373134328358 0.017486338797814208
0 0.30923507462686567 0.17650273224043717 0.01585820895522388 0.01639344262295082
0 0.3064365671641791 0.19562841530054645 0.01585820895522388 0.017486338797814208
0 0.2980410447761194 0.20928961748633879 0.01958955223880597 0.020765027322404372
0 0.322294776119403 0.2 0.01585820895522388 0.015300546448087432
0 0.3414179104477612 0.19672131147540983 0.022388059701492536 0.019672131147540982
0 0.292910447761194 0.2896174863387978 0.03731343283582089 0.03278688524590164
0 0.3731343283582089 0.28087431693989073 0.03171641791044776 0.028415300546448086
0 0.2789179104477612 0.6256830601092896 0.03917910447761194 0.053551912568306013
0 0.4664179104477612 0.7874316939890711 0.05037313432835821 0.053551912568306013
0 0.6982276119402985 0.8114754098360656 0.08115671641791045 0.10601092896174863
0 0.7350746268656716 0.8174863387978142 0.046641791044776115 0.07650273224043716
0 0.710820895522388 0.7497267759562841 0.06902985074626866 0.05683060109289617
0 0.6944962686567164 0.5726775956284152 0.03824626865671642 0.0633879781420765
