0 0.11446360153256704 0.5459016393442623 0.06034482758620689 0.06885245901639345
0 0.14080459770114942 0.6366120218579235 0.06896551724137931 0.06666666666666667
0 0.2332375478927203 0.9120218579234972 0.07567049808429119 0.09726775956284153
0 0.2844827586206896 0.9251366120218579 0.05747126436781609 0.06666666666666667
0 0.17672413793103448 0.48032786885245904 0.06609195402298851 0.05573770491803279
0 0.25 0.45464480874316937 0.0632183908045977 0.06775956284153005
0 0.2696360153256705 0.40437158469945356 0.06034482758620689 0.05901639344262295
0 0.3113026819923371 0.4486338797814208 0.0632183908045977 0.06229508196721312
0 0.3433908045977011 0.4557377049180328 0.07183908045977011 0.05901639344262295
0 0.35919540229885055 0.507103825136612 0.05747126436781609 0.06120218579234973
0 0.5407088122605364 0.5519125683060109 0.039272030651340994 0.039344262295081964
0 0.5565134099616857 0.521311475409836 0.047892720306513405 0.039344262295081964
0 0.5617816091954023 0.4792349726775956 0.043103448275862065 0.040437158469945354
0 0.6412835249042145 0.5808743169398907 0.033524904214559385 0.040437158469945354
0 0.6901340996168582 0.6398907103825137 0.06417624521072797 0.08633879781420765
0 0.7595785440613027 0.7349726775956285 0.07471264367816091 0.0907103825136612
0 0.6187739463601533 0.39617486338797814 0.04597701149425287 0.04918032786885246
0 0.603927203065134 0.2530054644808743 0.02969348659003831 0.025136612021857924
0 0.7030651340996168 0.4284153005464481 0.05938697318007662 0.0546448087431694
0 0.7447318007662835 0.4819672131147541 0.06417624521072797 0.05901639344262295
0 0.7911877394636015 0.5136612021857924 0.028735632183908046 0.028415300546448086
0 0.821360153256705 0.5688524590163935 0.06609195402298851 0.06229508196721312
0 0.8682950191570881 0.6087431693989072 0.04118773946360153 0.04371584699453552
0 0.9123563218390804 0.5546448087431693 0.02586206896551724 0.025136612021857924
0 0.9291187739463601 0.5743169398907104 0.022988505747126436 0.025136612021857924
0 0.9487547892720306 0.5967213114754099 0.023946360153256702 0.02622950819672131
0 0.9679118773946359 0.6174863387978142 0.02586206896551724 0.02622950819672131
0 0.9415708812260536 0.5289617486338798 0.02490421455938697 0.02622950819672131
0 0.9616858237547892 0.5480874316939891 0.02490421455938697 0.0273224043715847
0 0.9794061302681992 0.5704918032786885 0.02586206896551724 0.02622950819672131
0 0.9750957854406129 0.5038251366120219 0.028735632183908046 0.024043715846994537
0 0.9913793103448275 0.5234972677595628 0.017241379310344827 0.024043715846994537
