0 0.19731800766283525 0.49508196721311476 0.08429118773946359 0.07868852459016393
0 0.18342911877394635 0.5956284153005464 0.10632183908045977 0.07650273224043716
0 0.1700191570881226 0.7092896174863388 0.1139846743295019 0.09180327868852459
0 0.60727969348659 0.8005464480874317 0.22988505747126436 0.23497267759562843
0 0.5780651340996168 0.6153005464480874 0.11973180076628352 0.1092896174863388
0 0.5732758620689655 0.4726775956284153 0.1867816091954023 0.16939890710382513
0 0.5589080459770115 0.3469945355191257 0.11781609195402298 0.08196721311475409
0 0.5550766283524904 0.2371584699453552 0.1561302681992337 0.13114754098360656
0 0.5421455938697318 0.14043715846994537 0.09386973180076628 0.06229508196721312
0 0.5368773946360152 0.05683060109289617 0.16954022988505746 0.10491803278688525
0 0.943007662835249 0.07431693989071038 0.09099616858237547 0.08743169398907104
