0 0.35775862068965514 0.08415300546448087 0.045019157088122604 0.04590163934426229
0 0.375 0.1737704918032787 0.023946360153256702 0.017486338797814208
0 0.41714559386973177 0.1814207650273224 0.023946360153256702 0.019672131147540982
0 0.4626436781609195 0.18579234972677597 0.017241379310344827 0.019672131147540982
0 0.5052681992337165 0.18743169398907103 0.033524904214559385 0.029508196721311476
0 0.5459770114942528 0.19617486338797815 0.022988505747126436 0.018579234972677595
0 0.3611111111111111 0.24754098360655738 0.021072796934865898 0.020765027322404372
0 0.4487547892720306 0.26284153005464483 0.033524904214559385 0.025136612021857924
0 0.5383141762452107 0.2797814207650273 0.03065134099616858 0.04371584699453552
0 0.5627394636015325 0.46775956284153003 0.035440613026819924 0.030601092896174863
0 0.5306513409961685 0.7016393442622951 0.028735632183908046 0.034972677595628415
0 0.3778735632183908 0.725136612021858 0.05651340996168582 0.04918032786885246
0 0.36015325670498083 0.773224043715847 0.040229885057471264 0.05136612021857923
0 0.3472222222222222 0.8202185792349727 0.039272030651340994 0.05136612021857923
0 0.33716475095785436 0.8775956284153006 0.07279693486590037 0.06994535519125683
