0 0.05268199233716475 0.36775956284153005 0.04597701149425287 0.04480874316939891
0 0.07327586206896551 0.46612021857923497 0.07758620689655173 0.06666666666666667
0 0.3146551724137931 0.366120218579235 0.048850574712643674 0.04371584699453552
0 0.29454022988505746 0.46994535519125685 0.048850574712643674 0.04590163934426229
0 0.4128352490421456 0.48743169398907105 0.04980842911877394 0.048087431693989074
0 0.3682950191570881 0.5245901639344263 0.045019157088122604 0.04590163934426229
0 0.32088122605363983 0.5628415300546448 0.047892720306513405 0.048087431693989074
0 0.22701149425287356 0.6398907103825137 0.05747126436781609 0.053551912568306013
0 0.1532567049808429 0.6907103825136612 0.0632183908045977 0.08087431693989071
0 0.2011494252873563 0.7704918032786885 0.0632183908045977 0.08524590163934426
0 0.4846743295019157 0.6693989071038251 0.02490421455938697 0.0273224043715847
0 0.5172413793103448 0.6338797814207651 0.028735632183908046 0.03278688524590164
0 0.42863984674329497 0.8814207650273224 0.039272030651340994 0.04262295081967213
0 0.5134099616858238 0.8021857923497268 0.038314176245210725 0.06120218579234973
0 0.5957854406130267 0.7262295081967213 0.040229885057471264 0.05573770491803279
0 0.6307471264367815 0.7005464480874317 0.02586206896551724 0.028415300546448086
0 0.6757662835249042 0.6540983606557377 0.035440613026819924 0.04262295081967213
0 0.7049808429118773 0.6245901639344262 0.040229885057471264 0.04262295081967213
0 0.7437739463601533 0.5846994535519126 0.043103448275862065 0.05245901639344262
0 0.636015325670498 0.5316939890710383 0.028735632183908046 0.03169398907103825
0 0.746647509578544 0.42950819672131146 0.03160919540229885 0.039344262295081964
0 0.8165708812260536 0.5251366120218579 0.033524904214559385 0.03825136612021858
0 0.8405172413793103 0.4961748633879781 0.037356321839080456 0.04590163934426229
0 0.8759578544061303 0.4644808743169399 0.037356321839080456 0.034972677595628415
0 0.9022988505747126 0.4382513661202186 0.034482758620689655 0.034972677595628415
0 0.9592911877394635 0.3912568306010929 0.02586206896551724 0.02622950819672131
0 0.9889846743295019 0.3519125683060109 0.018199233716475093 0.03278688524590164
0 0.8965517241379309 0.2978142076502732 0.022988505747126436 0.029508196721311476
0 0.9626436781609194 0.19617486338797815 0.05172413793103448 0.05573770491803279
