0 0.9425287356321839 0.039344262295081964 0.04597701149425287 0.039344262295081964
0 0.6369731800766283 0.09781420765027322 0.053639846743295014 0.036065573770491806
0 0.6168582375478927 0.1360655737704918 0.04980842911877394 0.036065573770491806
0 0.5977011494252873 0.17486338797814208 0.05172413793103448 0.039344262295081964
0 0.5756704980842912 0.21693989071038253 0.05172413793103448 0.04480874316939891
0 0.5062260536398467 0.35792349726775957 0.05268199233716475 0.05136612021857923
0 0.4243295019157088 0.5295081967213114 0.047892720306513405 0.04262295081967213
0 0.39415708812260536 0.5923497267759563 0.06992337164750957 0.0633879781420765
0 0.3496168582375479 0.6857923497267759 0.038314176245210725 0.040437158469945354
0 0.31273946360153254 0.7595628415300546 0.07183908045977011 0.07431693989071038
