0 0.4616858237547892 0.12185792349726776 0.05555555555555555 0.040437158469945354
0 0.5162835249042146 0.12076502732240438 0.05555555555555555 0.04262295081967213
0 0.23515325670498083 0.3 0.07758620689655173 0.05573770491803279
0 0.3299808429118774 0.2890710382513661 0.07758620689655173 0.05792349726775956
0 0.4185823754789272 0.26994535519125684 0.07662835249042145 0.05901639344262295
0 0.5057471264367815 0.2612021857923497 0.05747126436781609 0.06120218579234973
0 0.5905172413793103 0.2546448087431694 0.06034482758620689 0.06775956284153005
0 0.678639846743295 0.2546448087431694 0.06800766283524903 0.0546448087431694
0 0.7586206896551724 0.2366120218579235 0.05747126436781609 0.06448087431693988
0 0.2883141762452107 0.46120218579234973 0.08045977011494253 0.06994535519125683
0 0.38553639846743293 0.453551912568306 0.08141762452107279 0.07213114754098361
0 0.4976053639846743 0.43005464480874317 0.06226053639846743 0.07978142076502732
0 0.6671455938697317 0.40710382513661203 0.05842911877394636 0.046994535519125684
0 0.7624521072796935 0.3841530054644809 0.05747126436781609 0.046994535519125684
0 0.8496168582375478 0.36666666666666664 0.05938697318007662 0.04918032786885246
0 0.9774904214559387 0.31693989071038253 0.04118773946360153 0.0633879781420765
0 0.8295019157088123 0.5387978142076503 0.042145593869731796 0.039344262295081964
0 0.9238505747126436 0.47759562841530057 0.043103448275862065 0.03715846994535519
0 0.26676245210727967 0.725136612021858 0.08333333333333333 0.07978142076502732
0 0.3227969348659004 0.7087431693989071 0.0632183908045977 0.060109289617486336
