0 0.4707854406130268 0.07923497267759563 0.06992337164750957 0.053551912568306013
0 0.5158045977011494 0.14098360655737704 0.07950191570881225 0.0633879781420765
0 0.5670498084291188 0.21147540983606558 0.07662835249042145 0.05792349726775956
0 0.6843869731800766 0.37103825136612023 0.09865900383141762 0.07759562841530054
0 0.7533524904214559 0.46830601092896174 0.09291187739463601 0.08415300546448087
0 0.8261494252873562 0.5775956284153005 0.08908045977011494 0.0907103825136612
0 0.9195402298850575 0.7005464480874317 0.10727969348659003 0.10273224043715846
0 0.37643678160919536 0.21475409836065573 0.06704980842911877 0.05136612021857923
0 0.4961685823754789 0.4174863387978142 0.08045977011494253 0.06557377049180328
0 0.5981800766283525 0.5907103825136611 0.09865900383141762 0.08633879781420765
0 0.7255747126436781 0.812568306010929 0.10249042145593869 0.10601092896174863
0 0.06034482758620689 0.25081967213114753 0.026819923371647507 0.029508196721311476
0 0.014367816091954023 0.3628415300546448 0.026819923371647507 0.03715846994535519
0 0.045019157088122604 0.47595628415300545 0.05555555555555555 0.040437158469945354
0 0.08189655172413793 0.6131147540983607 0.039272030651340994 0.03278688524590164
0 0.18486590038314174 0.9617486338797814 0.06130268199233716 0.05901639344262295
