0 0.04932950191570881 0.09234972677595628 0.07950191570881225 0.073224043715847
0 0.10775862068965517 0.24918032786885247 0.10057471264367815 0.08524590163934426
0 0.20881226053639845 0.2103825136612022 0.08237547892720307 0.08633879781420765
0 0.31417624521072796 0.17049180327868851 0.07471264367816091 0.07868852459016393
0 0.27346743295019155 0.33169398907103825 0.09865900383141762 0.09289617486338798
0 0.15421455938697318 0.5207650273224044 0.11685823754789272 0.09508196721311475
0 0.24137931034482757 0.7715846994535519 0.07471264367816091 0.07868852459016393
0 0.5560344827586207 0.2573770491803279 0.11206896551724137 0.10163934426229508
0 0.6489463601532567 0.4562841530054645 0.11781609195402298 0.11693989071038251
0 0.7059386973180076 0.5754098360655737 0.12835249042145594 0.12786885245901639
