0 0.033524904214559385 0.10382513661202186 0.06130268199233716 0.0633879781420765
0 0.20450191570881224 0.027868852459016394 0.07375478927203065 0.05573770491803279
0 0.18773946360153257 0.10327868852459017 0.07471264367816091 0.06885245901639345
0 0.16235632183908044 0.19781420765027322 0.08333333333333333 0.07868852459016393
0 0.13745210727969348 0.2967213114754098 0.07183908045977011 0.06229508196721312
0 0.1154214559386973 0.4098360655737705 0.0871647509578544 0.09180327868852459
0 0.09626436781609195 0.512568306010929 0.08908045977011494 0.09180327868852459
0 0.07088122605363985 0.6169398907103825 0.08812260536398467 0.09726775956284153
0 0.04118773946360153 0.7316939890710382 0.07471264367816091 0.08633879781420765
0 0.33716475095785436 0.5907103825136611 0.09770114942528735 0.10382513661202186
0 0.37068965517241376 0.22131147540983606 0.08045977011494253 0.07540983606557378
0 0.3793103448275862 0.146448087431694 0.08620689655172413 0.06775956284153005
0 0.539272030651341 0.13278688524590163 0.08429118773946359 0.08196721311475409
0 0.539272030651341 0.226775956284153 0.08812260536398467 0.09289617486338798
0 0.40421455938697315 0.7874316939890711 0.09578544061302681 0.13224043715846995
0 0.5205938697318008 0.7945355191256831 0.10440613026819923 0.1377049180327869
0 0.5258620689655172 0.6382513661202186 0.08620689655172413 0.10273224043715846
0 0.9487547892720306 0.5060109289617486 0.09291187739463601 0.09180327868852459
0 0.8831417624521072 0.41420765027322404 0.07471264367816091 0.06557377049180328
0 0.8582375478927202 0.11202185792349727 0.07279693486590037 0.05136612021857923
0 0.8433908045977011 0.030601092896174863 0.07758620689655173 0.05245901639344262
