0 0.5483716475095786 0.13497267759562842 0.02586206896551724 0.025136612021857924
0 0.6269157088122606 0.17158469945355193 0.02969348659003831 0.02622950819672131
0 0.6704980842911877 0.18907103825136612 0.040229885057471264 0.03715846994535519
0 0.7112068965517241 0.2087431693989071 0.043103448275862065 0.04371584699453552
0 0.7437739463601533 0.16174863387978142 0.043103448275862065 0.039344262295081964
0 0.7758620689655172 0.046994535519125684 0.04597701149425287 0.04590163934426229
0 0.8864942528735632 0.15683060109289618 0.048850574712643674 0.04262295081967213
0 0.5780651340996168 0.2830601092896175 0.07567049808429119 0.05901639344262295
0 0.789272030651341 0.3699453551912568 0.05938697318007662 0.04918032786885246
0 0.7318007662835249 0.4721311475409836 0.06130268199233716 0.05245901639344262
0 0.7088122605363985 0.5180327868852459 0.05938697318007662 0.05245901639344262
0 0.6853448275862069 0.5639344262295082 0.06034482758620689 0.05245901639344262
0 0.6561302681992337 0.6120218579234973 0.040229885057471264 0.028415300546448086
0 0.40565134099616856 0.5284153005464481 0.07950191570881225 0.073224043715847
0 0.33812260536398464 0.6349726775956284 0.09961685823754789 0.1005464480874317
0 0.2629310344827586 0.7513661202185792 0.11206896551724137 0.11693989071038251
0 0.2346743295019157 0.8202185792349727 0.05555555555555555 0.060109289617486336
0 0.178639846743295 0.8830601092896175 0.12164750957854406 0.13114754098360656
