0 0.6551724137931034 0.20437158469945355 0.04597701149425287 0.04371584699453552
0 0.6997126436781609 0.21639344262295082 0.05268199233716475 0.048087431693989074
0 0.7504789272030651 0.21311475409836064 0.04693486590038314 0.048087431693989074
0 0.8045977011494252 0.20491803278688525 0.042145593869731796 0.05136612021857923
0 0.8386015325670497 0.1814207650273224 0.048850574712643674 0.04371584699453552
0 0.9013409961685823 0.16557377049180327 0.047892720306513405 0.04480874316939891
0 0.7969348659003831 0.3797814207650273 0.05747126436781609 0.060109289617486336
0 0.8500957854406129 0.3622950819672131 0.05268199233716475 0.06885245901639345
0 0.8994252873563218 0.3469945355191257 0.05172413793103448 0.06229508196721312
0 0.9420498084291187 0.3273224043715847 0.05459770114942528 0.06229508196721312
0 0.7686781609195402 0.5584699453551912 0.048850574712643674 0.05245901639344262
0 0.3304597701149425 0.3016393442622951 0.04980842911877394 0.06557377049180328
0 0.37452107279693486 0.28087431693989073 0.044061302681992334 0.04590163934426229
0 0.4281609195402299 0.26666666666666666 0.044061302681992334 0.04590163934426229
0 0.4789272030651341 0.24754098360655738 0.042145593869731796 0.040437158469945354
0 0.4085249042145594 0.3945355191256831 0.043103448275862065 0.05901639344262295
0 0.46455938697318006 0.3830601092896175 0.04597701149425287 0.04918032786885246
0 0.5186781609195402 0.3622950819672131 0.045019157088122604 0.05136612021857923
0 0.3711685823754789 0.4967213114754098 0.048850574712643674 0.06448087431693988
0 0.4305555555555555 0.48032786885245904 0.05651340996168582 0.07103825136612021
0 0.489463601532567 0.4601092896174863 0.05747126436781609 0.06994535519125683
0 0.5454980842911877 0.44426229508196724 0.05459770114942528 0.06666666666666667
0 0.6005747126436781 0.42513661202185793 0.053639846743295014 0.06557377049180328
0 0.41954022988505746 0.5704918032786885 0.06896551724137931 0.06120218579234973
0 0.5028735632183908 0.5415300546448087 0.06704980842911877 0.05792349726775956
0 0.5862068965517241 0.514207650273224 0.06704980842911877 0.060109289617486336
