0 0.07662835249042145 0.6158469945355192 0.08812260536398467 0.07540983606557378
0 0.278735632183908 0.5683060109289617 0.034482758620689655 0.03278688524590164
0 0.43917624521072796 0.7650273224043715 0.043103448275862065 0.05245901639344262
0 0.4209770114942529 0.1546448087431694 0.07183908045977011 0.073224043715847
0 0.603927203065134 0.47595628415300545 0.10249042145593869 0.10382513661202186
0 0.707375478927203 0.5939890710382514 0.12547892720306514 0.11912568306010929
0 0.8117816091954022 0.7098360655737704 0.12356321839080459 0.13442622950819672
0 0.6805555555555555 0.23825136612021858 0.10632183908045977 0.08743169398907104
0 0.7763409961685823 0.3262295081967213 0.1082375478927203 0.10163934426229508
0 0.8711685823754789 0.4054644808743169 0.09865900383141762 0.09617486338797815
0 0.8726053639846743 0.055191256830601096 0.07088122605363985 0.06229508196721312
0 0.9473180076628352 0.025683060109289616 0.07088122605363985 0.04918032786885246
