0 0.5670498084291188 0.740983606557377 0.05172413793103448 0.06557377049180328
0 0.5660919540229885 0.6846994535519125 0.04597701149425287 0.06229508196721312
0 0.5263409961685823 0.6366120218579235 0.04118773946360153 0.053551912568306013
0 0.4636015325670498 0.6360655737704918 0.05172413793103448 0.04590163934426229
0 0.7634099616858238 0.5912568306010929 0.07279693486590037 0.07868852459016393
0 0.7021072796934865 0.5224043715846994 0.0632183908045977 0.07213114754098361
0 0.7547892720306513 0.4792349726775956 0.038314176245210725 0.05136612021857923
0 0.8304597701149424 0.412568306010929 0.04597701149425287 0.04262295081967213
0 0.8639846743295019 0.3819672131147541 0.047892720306513405 0.04262295081967213
0 0.8975095785440612 0.3469945355191257 0.04597701149425287 0.04262295081967213
0 0.7840038314176245 0.33497267759562843 0.043103448275862065 0.05136612021857923
0 0.7777777777777778 0.24153005464480876 0.04980842911877394 0.04371584699453552
0 0.5727969348659003 0.3289617486338798 0.05747126436781609 0.05901639344262295
0 0.5407088122605364 0.24754098360655738 0.045019157088122604 0.04262295081967213
0 0.44013409961685823 0.3191256830601093 0.039272030651340994 0.03278688524590164
0 0.4075670498084291 0.34153005464480873 0.037356321839080456 0.040437158469945354
0 0.38122605363984674 0.3584699453551913 0.026819923371647507 0.039344262295081964
0 0.3539272030651341 0.3726775956284153 0.039272030651340994 0.041530054644808745
0 0.3189655172413793 0.4016393442622951 0.04597701149425287 0.04262295081967213
0 0.28879310344827586 0.33169398907103825 0.037356321839080456 0.03825136612021858
0 0.3448275862068965 0.2890710382513661 0.034482758620689655 0.033879781420765025
0 0.3769157088122605 0.273224043715847 0.039272030651340994 0.03278688524590164
0 0.43342911877394635 0.23060109289617486 0.037356321839080456 0.03278688524590164
0 0.45881226053639845 0.21475409836065573 0.026819923371647507 0.029508196721311476
0 0.10632183908045977 0.3513661202185792 0.040229885057471264 0.040437158469945354
0 0.12308429118773946 0.3147540983606557 0.043103448275862065 0.039344262295081964
0 0.1700191570881226 0.2901639344262295 0.039272030651340994 0.036065573770491806
0 0.20977011494252873 0.2721311475409836 0.040229885057471264 0.039344262295081964
0 0.2279693486590038 0.28743169398907104 0.017241379310344827 0.028415300546448086
