0 0.7014925373134329 0.025683060109289616 0.03731343283582089 0.025136612021857924
0 0.6958955223880597 0.06284153005464481 0.046641791044776115 0.0273224043715847
0 0.6259328358208955 0.17868852459016393 0.026119402985074626 0.022950819672131147
0 0.632929104477612 0.20218579234972678 0.027052238805970148 0.019672131147540982
0 0.5774253731343284 0.2 0.027985074626865673 0.02185792349726776
0 0.5825559701492538 0.24863387978142076 0.03264925373134328 0.025136612021857924
0 0.5895522388059702 0.2786885245901639 0.018656716417910446 0.019672131147540982
0 0.6156716417910447 0.2639344262295082 0.026119402985074626 0.025136612021857924
0 0.6324626865671642 0.246448087431694 0.027985074626865673 0.025136612021857924
0 0.6688432835820896 0.23825136612021858 0.026119402985074626 0.02185792349726776
0 0.7341417910447761 0.42349726775956287 0.05223880597014925 0.04262295081967213
0 0.5942164179104478 0.4972677595628415 0.06902985074626866 0.05027322404371585
0 0.6040111940298507 0.6213114754098361 0.07555970149253731 0.060109289617486336
0 0.8166977611940298 0.6284153005464481 0.051305970149253734 0.05683060109289617
0 0.2849813432835821 0.8573770491803279 0.05690298507462686 0.09289617486338798
