0 0.15660919540229884 0.020765027322404372 0.07758620689655173 0.03715846994535519
0 0.2638888888888889 0.08961748633879782 0.02586206896551724 0.024043715846994537
0 0.3146551724137931 0.059562841530054644 0.023946360153256702 0.022950819672131147
0 0.34051724137931033 0.04590163934426229 0.02586206896551724 0.024043715846994537
0 0.364463601532567 0.08469945355191257 0.027777777777777776 0.0273224043715847
0 0.3376436781609195 0.09617486338797815 0.022030651340996167 0.02185792349726776
0 0.31178160919540227 0.11092896174863388 0.022030651340996167 0.022950819672131147
0 0.285919540229885 0.1273224043715847 0.02586206896551724 0.025136612021857924
0 0.4592911877394636 0.33934426229508197 0.09291187739463601 0.07103825136612021
0 0.6015325670498084 0.28743169398907104 0.07279693486590037 0.07650273224043716
0 0.5191570881226053 0.4562841530054645 0.08237547892720307 0.07759562841530054
0 0.6254789272030651 0.4781420765027322 0.08237547892720307 0.0907103825136612
0 0.7318007662835249 0.4710382513661202 0.07279693486590037 0.07868852459016393
0 0.4808429118773946 0.6316939890710382 0.038314176245210725 0.034972677595628415
0 0.543103448275862 0.5868852459016394 0.019157088122605363 0.024043715846994537
0 0.6005747126436781 0.6366120218579235 0.026819923371647507 0.0273224043715847
0 0.6657088122605364 0.6715846994535519 0.03065134099616858 0.036065573770491806
0 0.6920498084291188 0.8180327868852459 0.02969348659003831 0.033879781420765025
0 0.7121647509578544 0.7994535519125683 0.02586206896551724 0.0273224043715847
0 0.775383141762452 0.7693989071038252 0.018199233716475093 0.019672131147540982
0 0.6125478927203065 0.5513661202185792 0.02969348659003831 0.036065573770491806
0 0.6709770114942528 0.5513661202185792 0.048850574712643674 0.053551912568306013
0 0.6613984674329502 0.6092896174863388 0.07950191570881225 0.08196721311475409
0 0.721743295019157 0.5491803278688525 0.08333333333333333 0.08196721311475409
0 0.789272030651341 0.5453551912568306 0.08812260536398467 0.09398907103825137
0 0.8443486590038314 0.6267759562841531 0.07183908045977011 0.08196721311475409
0 0.7705938697318008 0.6437158469945355 0.07950191570881225 0.09398907103825137
0 0.8318965517241379 0.7327868852459016 0.08333333333333333 0.10163934426229508
0 0.8946360153256705 0.7010928961748634 0.07088122605363985 0.08415300546448087
