0 0.6068097014925373 0.05683060109289617 0.08675373134328358 0.05901639344262295
0 0.5904850746268656 0.11366120218579234 0.08395522388059701 0.05683060109289617
0 0.7476679104477612 0.3016393442622951 0.0792910447761194 0.09180327868852459
0 0.5657649253731343 0.3092896174863388 0.0792910447761194 0.07868852459016393
0 0.4906716417910448 0.31366120218579235 0.048507462686567165 0.05027322404371585
0 0.4099813432835821 0.33114754098360655 0.09048507462686567 0.08524590163934426
0 0.521455223880597 0.4131147540983607 0.08955223880597014 0.08524590163934426
0 0.26865671641791045 0.44153005464480877 0.048507462686567165 0.05027322404371585
0 0.24860074626865672 0.5437158469945356 0.041977611940298504 0.05573770491803279
0 0.32276119402985076 0.5530054644808743 0.07835820895522388 0.10273224043715846
0 0.4183768656716418 0.5371584699453552 0.10167910447761194 0.10819672131147541
0 0.28404850746268656 0.7524590163934426 0.07369402985074627 0.08196721311475409
0 0.41138059701492535 0.7382513661202186 0.08768656716417911 0.11038251366120219
0 0.5055970149253731 0.725136612021858 0.05223880597014925 0.06448087431693988
0 0.5988805970149254 0.7185792349726776 0.05037313432835821 0.073224043715847
