0 0.037835249042145594 0.01366120218579235 0.027777777777777776 0.01639344262295082
0 0.019636015325670497 0.03114754098360656 0.023946360153256702 0.020765027322404372
0 0.04932950191570881 0.058469945355191254 0.023946360153256702 0.020765027322404372
0 0.026340996168582376 0.07650273224043716 0.022030651340996167 0.017486338797814208
0 0.009099616858237547 0.09508196721311475 0.016283524904214558 0.019672131147540982
0 0.07471264367816091 0.12896174863387977 0.02490421455938697 0.019672131147540982
0 0.12212643678160919 0.1901639344262295 0.02969348659003831 0.030601092896174863
0 0.16235632183908044 0.146448087431694 0.02586206896551724 0.02185792349726776
0 0.18726053639846743 0.12404371584699453 0.02586206896551724 0.022950819672131147
0 0.2092911877394636 0.23989071038251367 0.027777777777777776 0.0273224043715847
0 0.22940613026819923 0.2185792349726776 0.027777777777777776 0.028415300546448086
0 0.2509578544061303 0.19508196721311474 0.022988505747126436 0.022950819672131147
0 0.26915708812260536 0.17103825136612022 0.02490421455938697 0.025136612021857924
0 0.27586206896551724 0.2360655737704918 0.028735632183908046 0.034972677595628415
0 0.25383141762452105 0.2650273224043716 0.028735632183908046 0.0273224043715847
0 0.3817049808429119 0.26612021857923496 0.033524904214559385 0.03169398907103825
0 0.4090038314176245 0.23169398907103825 0.032567049808429116 0.028415300546448086
0 0.4707854406130268 0.3513661202185792 0.045019157088122604 0.04480874316939891
0 0.5052681992337165 0.30273224043715846 0.045019157088122604 0.041530054644808745
0 0.29022988505747127 0.4344262295081967 0.026819923371647507 0.03169398907103825
0 0.34674329501915707 0.46229508196721314 0.032567049808429116 0.030601092896174863
0 0.5651340996168582 0.739344262295082 0.053639846743295014 0.06666666666666667
0 0.5474137931034483 0.6311475409836066 0.02586206896551724 0.020765027322404372
0 0.5579501915708812 0.6267759562841531 0.045019157088122604 0.03825136612021858
