0 0.22030651340996169 0.1377049180327869 0.042145593869731796 0.03278688524590164
0 0.27729885057471265 0.12459016393442623 0.08333333333333333 0.06557377049180328
0 0.30986590038314177 0.16939890710382513 0.07183908045977011 0.04590163934426229
0 0.3218390804597701 0.26994535519125684 0.036398467432950186 0.039344262295081964
0 0.34051724137931033 0.30327868852459017 0.02586206896551724 0.029508196721311476
0 0.35488505747126436 0.3262295081967213 0.037356321839080456 0.033879781420765025
0 0.3682950191570881 0.3639344262295082 0.037356321839080456 0.041530054644808745
0 0.3874521072796935 0.39344262295081966 0.03160919540229885 0.03715846994535519
0 0.37643678160919536 0.28469945355191256 0.03065134099616858 0.033879781420765025
0 0.3879310344827586 0.2448087431693989 0.026819923371647507 0.03278688524590164
0 0.396551724137931 0.26557377049180325 0.03065134099616858 0.028415300546448086
0 0.4018199233716475 0.2907103825136612 0.02969348659003831 0.034972677595628415
0 0.41139846743295017 0.3163934426229508 0.033524904214559385 0.036065573770491806
0 0.4636015325670498 0.18633879781420765 0.034482758620689655 0.0273224043715847
0 0.5138888888888888 0.1907103825136612 0.027777777777777776 0.03169398907103825
0 0.47270114942528735 0.22185792349726777 0.027777777777777776 0.03278688524590164
0 0.48659003831417624 0.25081967213114753 0.028735632183908046 0.040437158469945354
0 0.5162835249042146 0.30327868852459017 0.034482758620689655 0.029508196721311476
0 0.42863984674329497 0.43169398907103823 0.06417624521072797 0.07213114754098361
0 0.4904214559386973 0.3907103825136612 0.0632183908045977 0.05573770491803279
0 0.5301724137931034 0.3825136612021858 0.05076628352490421 0.05245901639344262
0 0.6048850574712643 0.43333333333333335 0.048850574712643674 0.046994535519125684
0 0.6029693486590038 0.46939890710382515 0.07183908045977011 0.060109289617486336
0 0.7112068965517241 0.907103825136612 0.06034482758620689 0.06775956284153005
