0 0.6044061302681992 0.03442622950819672 0.034482758620689655 0.036065573770491806
0 0.7375478927203065 0.009836065573770491 0.019157088122605363 0.013114754098360656
0 0.753831417624521 0.019672131147540982 0.038314176245210725 0.028415300546448086
0 0.7236590038314176 0.058469945355191254 0.02969348659003831 0.0273224043715847
0 0.703544061302682 0.09016393442622951 0.035440613026819924 0.03169398907103825
0 0.6633141762452107 0.10601092896174863 0.035440613026819924 0.030601092896174863
0 0.6221264367816092 0.13387978142076504 0.05459770114942528 0.03825136612021858
0 0.621647509578544 0.3114754098360656 0.06513409961685823 0.048087431693989074
0 0.5138888888888888 0.49836065573770494 0.08141762452107279 0.0633879781420765
0 0.4046934865900383 0.6207650273224044 0.06034482758620689 0.06994535519125683
0 0.34195402298850575 0.6967213114754098 0.08620689655172413 0.073224043715847
0 0.24521072796934865 0.7256830601092896 0.06704980842911877 0.0633879781420765
0 0.30842911877394635 0.7825136612021858 0.053639846743295014 0.05683060109289617
0 0.20881226053639845 0.7852459016393443 0.06130268199233716 0.06448087431693988
