0 0.13409961685823754 0.29562841530054645 0.08429118773946359 0.0994535519125683
0 0.23563218390804597 0.40765027322404374 0.05747126436781609 0.05901639344262295
0 0.2998084291187739 0.29180327868852457 0.05172413793103448 0.04590163934426229
0 0.3481800766283525 0.4562841530054645 0.06226053639846743 0.06448087431693988
0 0.44204980842911873 0.387431693989071 0.05459770114942528 0.07103825136612021
0 0.5363984674329502 0.3546448087431694 0.04980842911877394 0.05792349726775956
0 0.7854406130268199 0.49453551912568305 0.07471264367816091 0.06229508196721312
0 0.8079501915708812 0.5469945355191257 0.06417624521072797 0.05573770491803279
0 0.821360153256705 0.6754098360655738 0.07183908045977011 0.05901639344262295
0 0.7868773946360152 0.733879781420765 0.08333333333333333 0.06885245901639345
0 0.8639846743295019 0.39398907103825137 0.05938697318007662 0.06666666666666667
0 0.9018199233716475 0.2901639344262295 0.06034482758620689 0.04918032786885246
0 0.8280651340996168 0.2 0.05651340996168582 0.04590163934426229
0 0.9827586206896551 0.05901639344262295 0.034482758620689655 0.04590163934426229
