0 0.16675165731769506 0.5155071248952221 0.07139214686384499 0.0972338642078793
0 0.24834268230494647 0.5607711651299245 0.07955124936257012 0.11064543168482817
0 0.28913819479857217 0.28499580888516346 0.06119326874043855 0.09220452640402348
0 0.7638959714431413 0.8918692372170998 0.08057113717491077 0.09220452640402348
0 0.7598164201937787 0.7720033528918693 0.0887302396736359 0.10058675607711651
0 0.7812340642529322 0.6613579212070411 0.0764915859255482 0.10393964794635373
0 0.8245792962774096 0.5716680637049455 0.07139214686384499 0.09220452640402348
0 0.8949515553289139 0.46353730092204526 0.06119326874043855 0.09388097233864208
0 0.9617542070372259 0.3922883487007544 0.06833248342682305 0.08885163453478626
0 0.8592554818969914 0.1383067896060352 0.0693523712391637 0.10058675607711651
