0 0.7298850574712643 0.07868852459016393 0.05747126436781609 0.04590163934426229
0 0.7868773946360152 0.14262295081967213 0.048850574712643674 0.04918032786885246
0 0.6436781609195402 0.11202185792349727 0.040229885057471264 0.04480874316939891
0 0.596743295019157 0.10163934426229508 0.042145593869731796 0.05245901639344262
0 0.5478927203065134 0.0907103825136612 0.047892720306513405 0.048087431693989074
0 0.5335249042145593 0.24316939890710382 0.08812260536398467 0.07759562841530054
0 0.6254789272030651 0.3333333333333333 0.05938697318007662 0.0633879781420765
0 0.6843869731800766 0.3551912568306011 0.05076628352490421 0.05901639344262295
0 0.7140804597701149 0.5797814207650274 0.07183908045977011 0.10163934426229508
0 0.6269157088122606 0.5502732240437158 0.06226053639846743 0.07540983606557378
0 0.539272030651341 0.5311475409836065 0.06513409961685823 0.06557377049180328
0 0.38553639846743293 0.6234972677595628 0.08524904214559387 0.073224043715847
0 0.382183908045977 0.7366120218579235 0.10919540229885057 0.12896174863387977
0 0.5656130268199233 0.8284153005464481 0.07758620689655173 0.08087431693989071
0 0.643199233716475 0.8557377049180328 0.07183908045977011 0.08524590163934426
0 0.1139846743295019 0.5420765027322404 0.06704980842911877 0.07213114754098361
