0 0.06800766283524903 0.48360655737704916 0.05938697318007662 0.08196721311475409
0 0.11973180076628352 0.7983606557377049 0.09386973180076628 0.08196721311475409
0 0.17385057471264367 0.646448087431694 0.07183908045977011 0.07978142076502732
0 0.20306513409961685 0.5147540983606558 0.07279693486590037 0.07868852459016393
0 0.22365900383141762 0.4103825136612022 0.07758620689655173 0.060109289617486336
0 0.26772030651340994 0.2934426229508197 0.09291187739463601 0.09508196721311475
0 0.32950191570881227 0.0907103825136612 0.04980842911877394 0.0546448087431694
0 0.4439655172413793 0.15136612021857923 0.08333333333333333 0.07759562841530054
0 0.5359195402298851 0.1251366120218579 0.08333333333333333 0.07978142076502732
0 0.6269157088122606 0.10163934426229508 0.08141762452107279 0.07868852459016393
0 0.7260536398467432 0.06612021857923497 0.047892720306513405 0.05792349726775956
0 0.8050766283524904 0.03989071038251366 0.04693486590038314 0.05136612021857923
