0 0.20306513409961685 0.013114754098360656 0.02490421455938697 0.019672131147540982
0 0.12595785440613025 0.15300546448087432 0.05076628352490421 0.041530054644808745
0 0.13745210727969348 0.10710382513661203 0.04693486590038314 0.041530054644808745
0 0.1671455938697318 0.059562841530054644 0.04118773946360153 0.04480874316939891
0 0.21743295019157086 0.06120218579234973 0.044061302681992334 0.034972677595628415
0 0.27250957854406127 0.06721311475409836 0.045019157088122604 0.04480874316939891
0 0.26676245210727967 0.1087431693989071 0.05076628352490421 0.03825136612021858
0 0.23563218390804597 0.153551912568306 0.053639846743295014 0.04262295081967213
0 0.31513409961685823 0.22513661202185792 0.038314176245210725 0.041530054644808745
0 0.34913793103448276 0.1830601092896175 0.04118773946360153 0.04262295081967213
0 0.38697318007662834 0.14918032786885246 0.040229885057471264 0.040437158469945354
0 0.4267241379310345 0.11967213114754098 0.04118773946360153 0.040437158469945354
0 0.410919540229885 0.26284153005464483 0.044061302681992334 0.040437158469945354
0 0.5450191570881225 0.16557377049180327 0.034482758620689655 0.03169398907103825
0 0.5881226053639846 0.1366120218579235 0.047892720306513405 0.041530054644808745
0 0.6187739463601533 0.10710382513661203 0.053639846743295014 0.04371584699453552
0 0.6915708812260536 0.10546448087431694 0.028735632183908046 0.029508196721311476
0 0.6618773946360152 0.226775956284153 0.04597701149425287 0.053551912568306013
0 0.6345785440613027 0.28415300546448086 0.027777777777777776 0.03715846994535519
0 0.7045019157088123 0.2994535519125683 0.03160919540229885 0.034972677595628415
0 0.6542145593869731 0.33879781420765026 0.036398467432950186 0.034972677595628415
0 0.5593869731800766 0.37868852459016394 0.05555555555555555 0.05792349726775956
0 0.6029693486590038 0.38633879781420766 0.033524904214559385 0.04262295081967213
0 0.6369731800766283 0.3950819672131147 0.022988505747126436 0.029508196721311476
0 0.6791187739463601 0.4103825136612022 0.026819923371647507 0.029508196721311476
0 0.7543103448275862 0.42240437158469946 0.05842911877394636 0.053551912568306013
0 0.617816091954023 0.5032786885245901 0.034482758620689655 0.040437158469945354
0 0.7523946360153256 0.533879781420765 0.035440613026819924 0.04262295081967213
0 0.5981800766283525 0.601639344262295 0.033524904214559385 0.04480874316939891
0 0.6336206896551724 0.7207650273224043 0.037356321839080456 0.04480874316939891
0 0.7078544061302682 0.8147540983606557 0.06513409961685823 0.06666666666666667
0 0.8745210727969348 0.8688524590163934 0.06704980842911877 0.08524590163934426
0 0.4554597701149425 0.6759562841530055 0.033524904214559385 0.04480874316939891
0 0.4324712643678161 0.6366120218579235 0.04693486590038314 0.04918032786885246
0 0.41954022988505746 0.587431693989071 0.038314176245210725 0.040437158469945354
0 0.303639846743295 0.5978142076502733 0.034482758620689655 0.048087431693989074
0 0.24137931034482757 0.5032786885245901 0.02490421455938697 0.036065573770491806
0 0.3232758620689655 0.41420765027322404 0.05842911877394636 0.05027322404371585
0 0.364463601532567 0.4245901639344262 0.033524904214559385 0.04262295081967213
0 0.4104406130268199 0.43661202185792347 0.05842911877394636 0.05792349726775956
0 0.21599616858237547 0.6650273224043716 0.04118773946360153 0.046994535519125684
0 0.225095785440613 0.7240437158469946 0.042145593869731796 0.046994535519125684
0 0.24808429118773945 0.7978142076502732 0.040229885057471264 0.048087431693989074
0 0.25957854406130265 0.9666666666666667 0.040229885057471264 0.04918032786885246
0 0.10871647509578543 0.9311475409836065 0.05459770114942528 0.05901639344262295
0 0.11733716475095785 0.8672131147540983 0.05268199233716475 0.05136612021857923
0 0.09291187739463601 0.7295081967213115 0.044061302681992334 0.05136612021857923
0 0.056034482758620684 0.0366120218579235 0.04693486590038314 0.025136612021857924
0 0.022030651340996167 0.11038251366120219 0.042145593869731796 0.02622950819672131
0 0.016283524904214558 0.146448087431694 0.03065134099616858 0.028415300546448086
