0 0.10344827586206896 0.010382513661202186 0.038314176245210725 0.022950819672131147
0 0.2318007662835249 0.10601092896174863 0.08620689655172413 0.06120218579234973
0 0.2375478927203065 0.18688524590163935 0.05938697318007662 0.05245901639344262
0 0.32806513409961685 0.16557377049180327 0.07950191570881225 0.073224043715847
0 0.38840996168582376 0.45792349726775955 0.06800766283524903 0.06775956284153005
0 0.4540229885057471 0.4912568306010929 0.07662835249042145 0.06666666666666667
0 0.4918582375478927 0.5704918032786885 0.10249042145593869 0.1005464480874317
0 0.48227969348659 0.4551912568306011 0.033524904214559385 0.036065573770491806
0 0.51772030651341 0.4961748633879781 0.033524904214559385 0.034972677595628415
0 0.5335249042145593 0.5169398907103825 0.03065134099616858 0.03278688524590164
0 0.5512452107279693 0.5387978142076503 0.033524904214559385 0.03278688524590164
0 0.5704022988505747 0.5704918032786885 0.035440613026819924 0.039344262295081964
0 0.596743295019157 0.6076502732240437 0.036398467432950186 0.04371584699453552
0 0.5766283524904214 0.4967213114754098 0.032567049808429116 0.033879781420765025
0 0.6934865900383141 0.6693989071038251 0.040229885057471264 0.03825136612021858
0 0.671455938697318 0.6994535519125683 0.040229885057471264 0.039344262295081964
0 0.6992337164750958 0.7398907103825136 0.042145593869731796 0.048087431693989074
0 0.7116858237547893 0.8191256830601092 0.05172413793103448 0.04918032786885246
0 0.6135057471264368 0.8557377049180328 0.05268199233716475 0.06120218579234973
0 0.7974137931034483 0.8989071038251366 0.04118773946360153 0.03825136612021858
0 0.9679118773946359 0.9846994535519126 0.048850574712643674 0.030601092896174863
0 0.6460727969348659 0.7508196721311475 0.07758620689655173 0.09398907103825137
