0 0.5220306513409961 0.020218579234972677 0.038314176245210725 0.0273224043715847
0 0.6139846743295019 0.0814207650273224 0.03065134099616858 0.020765027322404372
0 0.6700191570881225 0.06830601092896176 0.045019157088122604 0.029508196721311476
0 0.76772030651341 0.06666666666666667 0.04118773946360153 0.03715846994535519
0 0.753831417624521 0.11530054644808743 0.042145593869731796 0.033879781420765025
0 0.4161877394636015 0.1546448087431694 0.045019157088122604 0.03825136612021858
0 0.2193486590038314 0.585792349726776 0.022988505747126436 0.024043715846994537
0 0.2801724137931034 0.6546448087431694 0.039272030651340994 0.039344262295081964
0 0.3630268199233716 0.7786885245901639 0.034482758620689655 0.040437158469945354
0 0.2361111111111111 0.7797814207650273 0.045019157088122604 0.04480874316939891
0 0.27921455938697315 0.8792349726775956 0.045019157088122604 0.04918032786885246
