0 0.960727969348659 0.03989071038251366 0.07471264367816091 0.073224043715847
0 0.5522030651340996 0.32295081967213113 0.08524904214559387 0.07540983606557378
0 0.3539272030651341 0.3453551912568306 0.05076628352490421 0.04590163934426229
0 0.3587164750957854 0.41202185792349727 0.043103448275862065 0.048087431693989074
0 0.09243295019157087 0.5710382513661202 0.12164750957854406 0.15191256830601094
0 0.21886973180076627 0.580327868852459 0.07375478927203065 0.09836065573770492
0 0.3079501915708812 0.6032786885245902 0.05651340996168582 0.05245901639344262
0 0.37547892720306514 0.6098360655737705 0.05938697318007662 0.07213114754098361
0 0.5584291187739463 0.7169398907103826 0.09195402298850575 0.08743169398907104
0 0.8496168582375478 0.5010928961748634 0.13026819923371646 0.16065573770491803
