0 0.1307471264367816 0.853551912568306 0.07950191570881225 0.09180327868852459
0 0.31513409961685823 0.6573770491803279 0.09195402298850575 0.08852459016393442
0 0.35488505747126436 0.5617486338797815 0.07375478927203065 0.07431693989071038
0 0.32806513409961685 0.3841530054644809 0.039272030651340994 0.036065573770491806
0 0.3366858237547893 0.16775956284153004 0.045019157088122604 0.033879781420765025
0 0.3888888888888889 0.2721311475409836 0.036398467432950186 0.034972677595628415
0 0.4439655172413793 0.3180327868852459 0.04693486590038314 0.03715846994535519
0 0.5416666666666666 0.03114754098360656 0.023946360153256702 0.020765027322404372
0 0.6527777777777778 0.06830601092896176 0.06226053639846743 0.05792349726775956
0 0.7341954022988505 0.07103825136612021 0.027777777777777776 0.028415300546448086
0 0.7672413793103448 0.07704918032786885 0.02490421455938697 0.0273224043715847
0 0.8012452107279693 0.07978142076502732 0.016283524904214558 0.02185792349726776
0 0.835727969348659 0.08743169398907104 0.020114942528735632 0.019672131147540982
0 0.8668582375478927 0.08907103825136611 0.021072796934865898 0.020765027322404372
0 0.8941570881226053 0.0912568306010929 0.02586206896551724 0.018579234972677595
0 0.9238505747126436 0.09617486338797815 0.02586206896551724 0.024043715846994537
0 0.9549808429118773 0.09781420765027322 0.022988505747126436 0.020765027322404372
0 0.9008620689655172 0.2617486338797814 0.037356321839080456 0.0273224043715847
0 0.9578544061302682 0.28469945355191256 0.04597701149425287 0.036065573770491806
0 0.9841954022988505 0.33934426229508197 0.027777777777777776 0.0273224043715847
0 0.985632183908046 0.4021857923497268 0.021072796934865898 0.02622950819672131
