0 0.37739463601532564 0.3808743169398907 0.0632183908045977 0.053551912568306013
0 0.31752873563218387 0.5256830601092897 0.06609195402298851 0.05901639344262295
0 0.2011494252873563 0.7928961748633879 0.07471264367816091 0.06229508196721312
0 0.5158045977011494 0.2972677595628415 0.03160919540229885 0.034972677595628415
0 0.3898467432950191 0.09672131147540984 0.026819923371647507 0.029508196721311476
0 0.4961685823754789 0.34918032786885245 0.036398467432950186 0.036065573770491806
0 0.7552681992337165 0.36721311475409835 0.043103448275862065 0.039344262295081964
0 0.8386015325670497 0.11038251366120219 0.03160919540229885 0.030601092896174863
0 0.8951149425287356 0.11530054644808743 0.03160919540229885 0.0273224043715847
0 0.9051724137931034 0.1551912568306011 0.034482758620689655 0.02622950819672131
0 0.9104406130268199 0.25081967213114753 0.043103448275862065 0.036065573770491806
0 0.8424329501915708 0.35081967213114756 0.05268199233716475 0.039344262295081964
