0 0.22365900383141762 0.25956284153005466 0.07183908045977011 0.05792349726775956
0 0.27203065134099613 0.2901639344262295 0.047892720306513405 0.04262295081967213
0 0.22653256704980843 0.3333333333333333 0.07183908045977011 0.06120218579234973
0 0.11781609195402298 0.44153005464480877 0.04597701149425287 0.0633879781420765
0 0.15708812260536398 0.473224043715847 0.05938697318007662 0.05901639344262295
0 0.1111111111111111 0.5076502732240438 0.03065134099616858 0.04918032786885246
0 0.21312260536398467 0.49508196721311476 0.06226053639846743 0.05901639344262295
0 0.282088122605364 0.43989071038251365 0.07375478927203065 0.06666666666666667
0 0.4583333333333333 0.453551912568306 0.07183908045977011 0.07868852459016393
0 0.27921455938697315 0.6989071038251367 0.07375478927203065 0.11038251366120219
0 0.71455938697318 0.7655737704918033 0.06130268199233716 0.09508196721311475
0 0.5766283524904214 0.29890710382513663 0.019157088122605363 0.0273224043715847
