1 0.2696214219759926 0.24485373781148428 0.09233610341643582 0.11050920910075838
1 0.2608494921514312 0.35590465872156013 0.10249307479224376 0.11592632719393282
1 0.24838411819021236 0.4680390032502708 0.10526315789473684 0.12134344528710725
1 0.2405355493998153 0.6013001083423618 0.10987996306555863 0.1408450704225352
1 0.22945521698984303 0.7508125677139761 0.11542012927054478 0.15384615384615383
1 0.3767313019390582 0.2378114842903575 0.10710987996306555 0.11375947995666305
1 0.3767313019390582 0.34940411700975077 0.11080332409972299 0.1094257854821235
1 0.37442289935364725 0.4588299024918743 0.11172668513388735 0.1267605633802817
1 0.3739612188365651 0.594257854821235 0.123730378578024 0.14626218851570963
1 0.3702677746999076 0.751895991332611 0.13665743305632502 0.16251354279523292
1 0.5881809787626961 0.2372697724810401 0.12188365650969529 0.12784398699891658
1 0.6024930747922438 0.37161430119176597 0.13019390581717452 0.14301191765980498
