1 0.37257617728531855 0.12296858071505957 0.07663896583564174 0.08125677139761646
1 0.3448753462603878 0.20476706392199348 0.09141274238227147 0.08234019501625135
1 0.3162511542012927 0.28927410617551463 0.09141274238227147 0.08234019501625135
1 0.28301015697137577 0.3732394366197183 0.09141274238227147 0.08775731310942578
1 0.2497691597414589 0.45991332611050917 0.09141274238227147 0.085590465872156
1 0.22068328716528163 0.5455037919826652 0.09972299168975068 0.08775731310942578
1 0.5586334256694367 0.2372697724810401 0.11449676823638041 0.11484290357529793
1 0.525854108956602 0.3456121343445287 0.11911357340720222 0.10400866738894907
1 0.48661126500461677 0.4528710725893824 0.1126500461680517 0.1170097508125677
1 0.44967682363804246 0.5671722643553629 0.12557710064635272 0.1180931744312026
1 0.41135734072022156 0.684723726977248 0.11911357340720222 0.1170097508125677
1 0.6694367497691597 0.27843986998916576 0.11449676823638041 0.1170097508125677
1 0.6320406278855032 0.38678223185265437 0.12096029547553093 0.11267605633802816
1 0.5955678670360111 0.5021668472372698 0.12742382271468145 0.1180931744312026
1 0.5586334256694367 0.6164680390032502 0.123730378578024 0.1170097508125677
1 0.5253924284395198 0.7361863488624052 0.123730378578024 0.12242686890574214
