1 0.19390581717451522 0.10400866738894907 0.09972299168975068 0.11484290357529793
1 0.33471837488457984 0.11050920910075838 0.10433979686057249 0.10184182015167931
1 0.4810710987996306 0.11863488624052004 0.11449676823638041 0.10509209100758396
1 0.6177285318559557 0.11971830985915492 0.10526315789473684 0.11375947995666305
1 0.7590027700831025 0.1267605633802817 0.10526315789473684 0.10834236186348861
1 0.907202216066482 0.14355362946912242 0.11357340720221606 0.12026002166847237
1 0.17820867959372114 0.24702058504875404 0.0904893813481071 0.09317443120260022
1 0.29455216989843025 0.2524377031419285 0.09233610341643582 0.09750812567713976
1 0.41135734072022156 0.25460455037919827 0.08587257617728532 0.09750812567713976
1 0.5295475530932594 0.2605633802816901 0.08217913204062788 0.0942578548212351
1 0.649584487534626 0.2654387865655471 0.09141274238227147 0.09750812567713976
1 0.7663896583564174 0.26977248104008666 0.0904893813481071 0.09534127843986999
1 0.1435826408125577 0.5433369447453954 0.1061865189289012 0.1267605633802817
1 0.27654662973222527 0.5492957746478873 0.10433979686057249 0.12134344528710725
1 0.42059095106186517 0.5552546045503791 0.11172668513388735 0.1267605633802817
1 0.5641735918744228 0.5606717226435536 0.10710987996306555 0.12242686890574214
1 0.7008310249307479 0.5650054171180932 0.10526315789473684 0.12026002166847237
1 0.12280701754385964 0.7134344528710725 0.10895660203139428 0.13542795232936078
1 0.26546629732225296 0.7166847237269772 0.11172668513388735 0.12892741061755145
1 0.4104339796860572 0.7231852654387865 0.1061865189289012 0.12892741061755145
1 0.5544783010156972 0.7280606717226435 0.11172668513388735 0.13217768147345613
1 0.7054478301015696 0.7334777898158179 0.1126500461680517 0.13001083423618634
1 0.8771929824561403 0.7264355362946912 0.13665743305632502 0.1635969664138678
