1 0.15209302325581397 0.2275189599133261 0.10883720930232559 0.11484290357529793
1 0.15209302325581397 0.3932827735644637 0.09767441860465116 0.09317443120260022
1 0.24930232558139537 0.3721560130010834 0.08930232558139535 0.08992416034669555
1 0.16604651162790698 0.5346695557963164 0.09767441860465116 0.09642470205850487
1 0.2641860465116279 0.5173347778981582 0.0986046511627907 0.0942578548212351
1 0.17348837209302326 0.6473456121343445 0.11069767441860466 0.0942578548212351
1 0.2730232558139535 0.6370530877573131 0.10325581395348837 0.09317443120260022
1 0.1874418604651163 0.8017334777898157 0.10697674418604652 0.10400866738894907
1 0.29348837209302325 0.7854821235102925 0.10139534883720931 0.10400866738894907
1 0.5353488372093024 0.23456121343445285 0.13116279069767442 0.133261105092091
1 0.6697674418604651 0.223726977248104 0.10976744186046512 0.10725893824485373
1 0.5674418604651164 0.5238353196099674 0.1116279069767442 0.10725893824485373
1 0.7265116279069768 0.5005417118093174 0.1358139534883721 0.1408450704225352
1 0.8786046511627907 0.4745395449620802 0.14232558139534884 0.13867822318526543
1 0.592093023255814 0.6998916576381364 0.14418604651162792 0.14951245937161428
1 0.7506976744186047 0.676056338028169 0.14883720930232558 0.15167930660888407
1 0.9027906976744187 0.6484290357529794 0.146046511627907 0.15059588299024917
