1 0.22930232558139535 0.14463705308775732 0.10511627906976745 0.11159263271939328
1 0.3586046511627907 0.12405200433369447 0.1144186046511628 0.11159263271939328
1 0.49441860465116283 0.10834236186348861 0.10697674418604652 0.11267605633802816
1 0.6241860465116279 0.09209100758396532 0.11906976744186047 0.10400866738894907
1 0.7632558139534884 0.07583965330444203 0.10511627906976745 0.10400866738894907
1 0.23488372093023258 0.299566630552546 0.11069767441860466 0.10725893824485373
1 0.37348837209302327 0.28060671722643554 0.12000000000000001 0.1170097508125677
1 0.5055813953488373 0.2627302275189599 0.11627906976744187 0.11375947995666305
1 0.6409302325581395 0.24539544962080173 0.11348837209302326 0.11159263271939328
1 0.7809302325581395 0.22806067172264355 0.10883720930232559 0.11375947995666305
1 0.20790697674418607 0.6603466955579631 0.14790697674418604 0.1657638136511376
1 0.22093023255813954 0.8190682556879739 0.15534883720930234 0.15384615384615383
