1 0.2673130193905817 0.3120260021668472 0.05817174515235457 0.06933911159263272
1 0.2363804247460757 0.3770314192849404 0.06278855032317636 0.07367280606717226
1 0.20683287165281625 0.4436619718309859 0.060941828254847646 0.07908992416034669
1 0.301477377654663 0.5222101841820151 0.06740535549399815 0.08450704225352113
1 0.3384118190212373 0.4274106175514626 0.04709141274238227 0.06392199349945829
1 0.3642659279778393 0.36023835319609965 0.04709141274238227 0.06175514626218851
1 0.38781163434903043 0.3017334777898158 0.06278855032317636 0.06825568797399784
1 0.46768236380424744 0.3331527627302275 0.06371191135734072 0.0704225352112676
1 0.4492151431209603 0.3905742145178765 0.050784856879039705 0.05525460455037919
1 0.42890120036934437 0.4593716143011917 0.050784856879039705 0.06500541711809317
1 0.39843028624192056 0.5612134344528711 0.06740535549399815 0.09100758396533044
1 0.5872576177285318 0.47508125677139756 0.0886426592797784 0.10725893824485373
1 0.5535549399815327 0.6289274106175514 0.09695290858725761 0.12892741061755145
