1 0.21514312096029548 0.18797399783315275 0.07202216066481994 0.08125677139761646
1 0.21144967682363802 0.26598049837486454 0.07017543859649122 0.07475622968580714
1 0.20267774699907662 0.3575297941495124 0.08033240997229917 0.09534127843986999
1 0.19759926131117267 0.45991332611050917 0.0794090489381348 0.1094257854821235
1 0.19205909510618652 0.5715059588299025 0.08679593721144967 0.11375947995666305
1 0.18698060941828254 0.6879739978331527 0.09141274238227147 0.12351029252437702
1 0.3051708217913204 0.18526543878656554 0.07479224376731301 0.07583965330444203
1 0.30609418282548473 0.26218851570964247 0.07479224376731301 0.0780065005417118
1 0.3074792243767313 0.3542795232936078 0.07756232686980609 0.10184182015167931
1 0.3074792243767313 0.45341278439869986 0.08310249307479224 0.09642470205850487
1 0.30609418282548473 0.5590465872156013 0.09141274238227147 0.11484290357529793
1 0.30609418282548473 0.676056338028169 0.09141274238227147 0.1256771397616468
1 0.481994459833795 0.19718309859154928 0.10526315789473684 0.12351029252437702
1 0.49122807017543857 0.3477789815817985 0.10526315789473684 0.12784398699891658
1 0.48799630655586335 0.4815817984832069 0.08771929824561403 0.10725893824485373
1 0.48799630655586335 0.5882990249187432 0.0729455216989843 0.09534127843986999
1 0.4921514312096029 0.6874322860238353 0.06832871652816251 0.09859154929577464
1 0.6223453370267774 0.18039003250270855 0.10156971375807941 0.11592632719393282
1 0.6223453370267774 0.3380281690140845 0.10710987996306555 0.13217768147345613
1 0.6094182825484764 0.47291440953412783 0.08310249307479224 0.10509209100758396
1 0.6135734072022161 0.5763813651137595 0.08033240997229917 0.09750812567713976
1 0.6232686980609418 0.6776814734561213 0.07756232686980609 0.10292524377031419
1 0.6329639889196675 0.7703141928494041 0.04709141274238227 0.06933911159263272
