1 0.07156048014773776 0.31744312026002164 0.10064635272391505 0.1170097508125677
1 0.18928901200369344 0.30877573131094255 0.09787626962142197 0.11484290357529793
1 0.30932594644506 0.3039003250270856 0.09972299168975068 0.11159263271939328
1 0.07571560480147738 0.4550379198266522 0.10156971375807941 0.11484290357529793
1 0.1948291782086796 0.4485373781148429 0.10341643582640812 0.11267605633802816
1 0.31348107109879964 0.4452871072589382 0.10249307479224376 0.11484290357529793
1 0.12003693444136657 0.6852654387865655 0.10710987996306555 0.10725893824485373
1 0.23822714681440443 0.680931744312026 0.09972299168975068 0.11592632719393282
1 0.3554939981532779 0.6776814734561213 0.10341643582640812 0.11159263271939328
1 0.4732225300092336 0.6684723726977247 0.10249307479224376 0.1170097508125677
1 0.5955678670360111 0.6635969664138678 0.10526315789473684 0.11375947995666305
1 0.7151431209602954 0.6603466955579631 0.10064635272391505 0.11375947995666305
1 0.8370267774699908 0.6516793066088841 0.1061865189289012 0.11592632719393282
1 0.12419205909510618 0.8304442036836402 0.1061865189289012 0.1180931744312026
1 0.24376731301939059 0.8228602383531961 0.10526315789473684 0.12026002166847237
1 0.3642659279778393 0.8190682556879739 0.10803324099722991 0.11267605633802816
1 0.4796860572483841 0.8131094257854821 0.1061865189289012 0.12026002166847237
1 0.5978762696214219 0.8082340195016251 0.10803324099722991 0.12351029252437702
1 0.7197599261311173 0.8049837486457204 0.10249307479224376 0.12351029252437702
1 0.8425669436749769 0.7973997833152763 0.1061865189289012 0.1170097508125677
