1 0.16158818097876268 0.20801733477789813 0.10156971375807941 0.09967497291440953
1 0.2585410895660203 0.2351029252437703 0.10156971375807941 0.09750812567713976
1 0.3527239150507848 0.26489707475622964 0.09233610341643582 0.085590465872156
1 0.438134810710988 0.29252437703141926 0.08956602031394274 0.0866738894907909
1 0.525854108956602 0.32231852654387866 0.09141274238227147 0.08775731310942578
1 0.6172668513388735 0.34832069339111593 0.09141274238227147 0.08775731310942578
1 0.10156971375807941 0.28819068255687974 0.060941828254847646 0.05200433369447453
1 0.15835641735918743 0.3082340195016251 0.05263157894736842 0.05525460455037919
1 0.21606648199445982 0.32502708559046584 0.055401662049861494 0.054171180931744306
1 0.26823638042474607 0.3401950162513543 0.06001846722068328 0.05850487540628385
1 0.3250230840258541 0.3607800650054171 0.05909510618651893 0.05633802816901408
1 0.3804247460757156 0.3770314192849404 0.053554939981532775 0.04983748645720477
1 0.4376731301939058 0.394907908992416 0.055401662049861494 0.050920910075839654
1 0.4967682363804247 0.4176598049837486 0.060941828254847646 0.057421451787648965
1 0.5530932594644505 0.43553629469122424 0.053554939981532775 0.060671722643553624
1 0.6126500461680516 0.4517876489707475 0.06555863342566944 0.054171180931744306
1 0.3785780240073869 0.5460455037919827 0.09233610341643582 0.08234019501625135
1 0.47414589104339794 0.5736728060671722 0.08956602031394274 0.08992416034669555
1 0.5660203139427515 0.6078006500541712 0.09418282548476455 0.08234019501625135
1 0.3481071098799631 0.6679306608884074 0.09418282548476455 0.085590465872156
1 0.4445983379501385 0.7020585048754062 0.09695290858725761 0.0866738894907909
1 0.5392428439519852 0.7345612134344528 0.09602954755309326 0.0866738894907909
