1 0.5429362880886427 0.1056338028169014 0.11634349030470914 0.1180931744312026
1 0.6735918744228994 0.10075839653304441 0.11542012927054478 0.11917659804983748
1 0.5420129270544782 0.256771397616468 0.1126500461680517 0.11917659804983748
1 0.6740535549399815 0.2524377031419285 0.11080332409972299 0.1170097508125677
1 0.5710987996306556 0.5964247020585048 0.09879963065558633 0.09209100758396532
1 0.6920590951061865 0.6018418201516793 0.11357340720221606 0.11375947995666305
1 0.8370267774699908 0.6061755146262188 0.13758079409048937 0.13109425785482123
1 0.5752539242843951 0.7101841820151679 0.07571560480147738 0.08342361863488623
1 0.695752539242844 0.7535211267605634 0.12096029547553093 0.10725893824485373
1 0.8374884579870729 0.7632719393282773 0.12188365650969529 0.1267605633802817
