1 0.47488372093023257 0.28060671722643554 0.10139534883720931 0.12351029252437702
1 0.4674418604651163 0.414409534127844 0.10325581395348837 0.12459371614301191
1 0.4651162790697675 0.5568797399783315 0.10418604651162791 0.12351029252437702
1 0.4632558139534884 0.6939328277356446 0.10046511627906977 0.13109425785482123
1 0.5897674418604651 0.2757313109425785 0.10046511627906977 0.1267605633802817
1 0.5883720930232559 0.414409534127844 0.10325581395348837 0.12892741061755145
1 0.5818604651162791 0.5498374864572048 0.10325581395348837 0.1267605633802817
1 0.5809302325581396 0.6912242686890574 0.10511627906976745 0.13001083423618634
1 0.7855813953488373 0.271397616468039 0.09023255813953489 0.10292524377031419
1 0.7879069767441861 0.37919826652221017 0.08372093023255814 0.09750812567713976
1 0.7813953488372093 0.49241603466955575 0.08186046511627908 0.10292524377031419
1 0.7804651162790698 0.6045503791982665 0.08372093023255814 0.10184182015167931
1 0.778139534883721 0.7161430119176597 0.08093023255813954 0.10400866738894907
1 0.8813953488372094 0.2703141928494041 0.08093023255813954 0.10725893824485373
1 0.8776744186046512 0.38407367280606713 0.08465116279069768 0.10725893824485373
1 0.88 0.49241603466955575 0.08930232558139535 0.10292524377031419
1 0.8744186046511628 0.6045503791982665 0.08372093023255814 0.10184182015167931
1 0.8748837209302326 0.7150595882990248 0.09023255813953489 0.10834236186348861
