1 0.19159741458910434 0.20801733477789813 0.11357340720221606 0.14517876489707474
1 0.3333333333333333 0.1787648970747562 0.123730378578024 0.1408450704225352
1 0.4750692520775623 0.14680390032502708 0.12465373961218836 0.15276273022751896
1 0.6200369344413665 0.11863488624052004 0.12465373961218836 0.14842903575297942
1 0.6611265004616805 0.266522210184182 0.10156971375807941 0.11917659804983748
1 0.5512465373961218 0.2898158179848321 0.09972299168975068 0.11375947995666305
1 0.4358264081255771 0.3131094257854821 0.10895660203139428 0.1170097508125677
1 0.3204062788550323 0.3380281690140845 0.09418282548476455 0.11484290357529793
1 0.2100646352723915 0.361863488624052 0.09879963065558633 0.1170097508125677
1 0.08125577100646353 0.6435536294691224 0.06463527239150507 0.08017334777898158
1 0.15281625115420128 0.628385698808234 0.06925207756232686 0.08450704225352113
