1 0.3739612188365651 0.060130010834236185 0.10710987996306555 0.1094257854821235
1 0.08125577100646353 0.1094257854821235 0.13111726685133887 0.14951245937161428
1 0.2188365650969529 0.1787648970747562 0.1329639889196676 0.14517876489707474
1 0.3688827331486611 0.2638136511375948 0.1394275161588181 0.15926327193932827
1 0.11865189289012003 0.3981581798483207 0.14496768236380425 0.16793066088840736
1 0.27516158818097874 0.4929577464788732 0.1458910433979686 0.17551462621885155
1 0.6352723915050784 0.2199349945828819 0.060941828254847646 0.07150595882990249
1 0.7276084949215142 0.08613217768147345 0.10895660203139428 0.1180931744312026
1 0.8453370267774699 0.14626218851570963 0.10433979686057249 0.11484290357529793
1 0.796398891966759 0.27193932827735645 0.10803324099722991 0.12351029252437702
