1 0.14912280701754385 0.30606717226435537 0.12096029547553093 0.13976164680390032
1 0.26638965835641737 0.3104008667388949 0.11357340720221606 0.13759479956663054
1 0.37903970452446906 0.31365113759479957 0.11172668513388735 0.13759479956663054
1 0.48984302862419205 0.31473456121343446 0.11357340720221606 0.13976164680390032
1 0.602954755309326 0.3169014084507042 0.1126500461680517 0.14842903575297942
1 0.14635272391505078 0.4550379198266522 0.11542012927054478 0.16034669555796316
1 0.25992613111726687 0.4615384615384615 0.1061865189289012 0.1646803900325027
1 0.3734995383194829 0.4647887323943662 0.11726685133887349 0.16684723726977246
1 0.48661126500461677 0.4669555796316359 0.11819021237303785 0.16251354279523292
1 0.6024930747922438 0.47291440953412783 0.11911357340720222 0.16143011917659805
