1 0.09906976744186047 0.4209100758396533 0.10325581395348837 0.10509209100758396
1 0.21627906976744188 0.41820151679306605 0.12000000000000001 0.12351029252437702
1 0.34418604651162793 0.41278439869989164 0.12279069767441861 0.13217768147345613
1 0.1455813953488372 0.5552546045503791 0.10697674418604652 0.10725893824485373
1 0.2530232558139535 0.5536294691224268 0.0986046511627907 0.11050920910075838
1 0.35581395348837214 0.5438786565547129 0.10325581395348837 0.10400866738894907
1 0.11302325581395349 0.7307692307692307 0.0772093023255814 0.07475622968580714
1 0.18604651162790697 0.7367280606717226 0.07627906976744186 0.0780065005417118
1 0.26372093023255816 0.7329360780065005 0.08651162790697675 0.085590465872156
1 0.34930232558139535 0.7291440953412784 0.08837209302325581 0.09100758396533044
