1 0.0881809787626962 0.2313109425785482 0.0951061865189289 0.0942578548212351
1 0.20175438596491227 0.23456121343445285 0.12280701754385964 0.133261105092091
1 0.3508771929824561 0.24539544962080173 0.1698984302862419 0.17443120260021666
1 0.5244690674053555 0.25568797399783316 0.16620498614958448 0.17551462621885155
1 0.5115420129270545 0.4875406283856988 0.1698984302862419 0.17768147345612134
1 0.34118190212373034 0.47183098591549294 0.17266851338873498 0.1787648970747562
1 0.1851338873499538 0.46424702058504874 0.13204062788550322 0.133261105092091
1 0.07433056325023084 0.45828819068255683 0.0951061865189289 0.09317443120260022
1 0.07802400738688826 0.7833152762730227 0.11357340720221606 0.13434452871072589
1 0.20729455216989842 0.7941495124593716 0.16158818097876268 0.1820151679306609
1 0.35872576177285315 0.8060671722643553 0.15789473684210525 0.17768147345612134
1 0.5092336103416436 0.8120260021668472 0.1634349030470914 0.1787648970747562
