1 0.1948291782086796 0.2302275189599133 0.12557710064635272 0.13976164680390032
1 0.33748845798707294 0.21722643553629467 0.12280701754385964 0.13976164680390032
1 0.47691597414589104 0.20801733477789813 0.12280701754385964 0.13867822318526543
1 0.36980609418282545 0.4550379198266522 0.12465373961218836 0.13867822318526543
1 0.5069252077562326 0.44203683640303354 0.12188365650969529 0.13434452871072589
1 0.5180055401662049 0.5996749729144095 0.12188365650969529 0.15059588299024917
1 0.5295475530932594 0.7654387865655471 0.12650046168051707 0.15492957746478872
1 0.38827331486611266 0.7838569880823402 0.1283471837488458 0.15276273022751896
1 0.37950138504155123 0.6159263271939328 0.123730378578024 0.14409534127843987
1 0.1588180978762696 0.6960996749729144 0.06278855032317636 0.07475622968580714
1 0.16020313942751616 0.7719393282773565 0.061865189289012 0.07258938244853737
1 0.1634349030470914 0.8548212351029252 0.0664819944598338 0.08017334777898158
1 0.22807017543859648 0.8461538461538461 0.06278855032317636 0.0780065005417118
1 0.22437673130193905 0.7686890574214518 0.060941828254847646 0.07692307692307691
1 0.22160664819944598 0.6923076923076923 0.055401662049861494 0.06933911159263272
