1 0.06602031394275161 0.6451787648970747 0.1061865189289012 0.13759479956663054
1 0.1851338873499538 0.6397616468039002 0.11542012927054478 0.13976164680390032
1 0.3005540166204986 0.6354279523293608 0.10803324099722991 0.13109425785482123
1 0.42059095106186517 0.6310942578548212 0.1283471837488458 0.15276273022751896
1 0.5493998153277931 0.6218851570964247 0.12742382271468145 0.1560130010834236
1 0.6754385964912281 0.6208017334777898 0.12465373961218836 0.171180931744312
1 0.8088642659279778 0.613759479956663 0.1329639889196676 0.15276273022751896
1 0.06602031394275161 0.789815817984832 0.12096029547553093 0.1408450704225352
1 0.1851338873499538 0.7865655471289273 0.10987996306555863 0.15167930660888407
1 0.3010156971375808 0.7827735644637053 0.10526315789473684 0.14626218851570963
1 0.4215143120960295 0.7838569880823402 0.1283471837488458 0.15926327193932827
1 0.5544783010156972 0.7833152762730227 0.13204062788550322 0.1646803900325027
1 0.6832871652816251 0.7800650054171181 0.12003693444136657 0.16034669555796316
1 0.8130193905817175 0.7768147345612134 0.13019390581717452 0.1646803900325027
