1 0.12511627906976744 0.7253521126760563 0.051162790697674425 0.06175514626218851
1 0.14976744186046512 0.775189599133261 0.052093023255813956 0.057421451787648965
1 0.3813953488372093 0.5606717226435536 0.053953488372093024 0.057421451787648965
1 0.41162790697674423 0.6229685807150596 0.04744186046511628 0.05850487540628385
1 0.4218604651162791 0.533044420368364 0.04558139534883721 0.05633802816901408
1 0.45534883720930236 0.5920910075839653 0.04930232558139535 0.06175514626218851
1 0.5162790697674419 0.52329360780065 0.09488372093023256 0.11267605633802816
1 0.6172093023255815 0.45232936078006497 0.11069767441860466 0.133261105092091
1 0.7288372093023257 0.38894907908992415 0.10697674418604652 0.13001083423618634
1 0.8413953488372093 0.3282773564463705 0.10511627906976745 0.12784398699891658
1 0.8618604651162791 0.1923076923076923 0.04744186046511628 0.05525460455037919
