1 0.08232558139534885 0.07692307692307691 0.11069767441860466 0.1408450704225352
1 0.08558139534883721 0.24160346695557963 0.11534883720930234 0.14301191765980498
1 0.09255813953488373 0.4452871072589382 0.10139534883720931 0.12134344528710725
1 0.09906976744186047 0.5975081256771397 0.10325581395348837 0.133261105092091
1 0.09023255813953489 0.7925243770314192 0.07627906976744186 0.10509209100758396
1 0.08744186046511629 0.9008667388949079 0.07627906976744186 0.10075839653304441
1 0.21627906976744188 0.07692307692307691 0.10883720930232559 0.13434452871072589
1 0.21720930232558142 0.2351029252437703 0.1144186046511628 0.14951245937161428
1 0.21813953488372095 0.4409534127843987 0.10697674418604652 0.13001083423618634
1 0.2232558139534884 0.5947995666305526 0.10046511627906977 0.12784398699891658
1 0.18046511627906978 0.7892741061755146 0.07441860465116279 0.09859154929577464
1 0.1813953488372093 0.9003250270855904 0.07813953488372094 0.10400866738894907
1 0.35255813953488374 0.07583965330444203 0.1116279069767442 0.13867822318526543
1 0.3562790697674419 0.23076923076923075 0.10790697674418605 0.1408450704225352
1 0.34093023255813953 0.44041170097508126 0.10139534883720931 0.12892741061755145
1 0.3437209302325582 0.5920910075839653 0.10511627906976745 0.133261105092091
1 0.27116279069767446 0.789815817984832 0.0772093023255814 0.10184182015167931
1 0.2744186046511628 0.9003250270855904 0.08372093023255814 0.11050920910075838
1 0.36511627906976746 0.78602383531961 0.07534883720930233 0.10509209100758396
1 0.3655813953488372 0.8954496208017334 0.07813953488372094 0.10075839653304441
1 0.5330232558139535 0.7865655471289273 0.0558139534883721 0.06933911159263272
1 0.533953488372093 0.856988082340195 0.0558139534883721 0.07150595882990249
