1 0.28325581395348837 0.5097508125677139 0.1144186046511628 0.11375947995666305
1 0.42511627906976746 0.45991332611050917 0.12279069767441861 0.11592632719393282
1 0.32 0.6717226435536294 0.11534883720930234 0.12351029252437702
1 0.46232558139534885 0.6197183098591549 0.11534883720930234 0.13001083423618634
1 0.6116279069767442 0.39165763813651133 0.10511627906976745 0.10292524377031419
1 0.6618604651162792 0.5460455037919827 0.11255813953488372 0.10834236186348861
1 0.746046511627907 0.34290357529794147 0.10232558139534885 0.09859154929577464
1 0.7967441860465116 0.4940411700975081 0.10697674418604652 0.10617551462621884
1 0.876279069767442 0.2973997833152763 0.10790697674418605 0.09859154929577464
1 0.9316279069767442 0.4452871072589382 0.10883720930232559 0.10617551462621884
