1 0.12650046168051707 0.17388949079089924 0.11080332409972299 0.15059588299024917
1 0.1260387811634349 0.35265438786565545 0.11357340720221606 0.14842903575297942
1 0.16712834718374883 0.585590465872156 0.07571560480147738 0.10075839653304441
1 0.25946445060018464 0.5823401950162513 0.07202216066481994 0.10075839653304441
1 0.2825484764542936 0.34290357529794147 0.11080332409972299 0.14192849404117008
1 0.278393351800554 0.1657638136511376 0.11357340720221606 0.1408450704225352
1 0.5115420129270545 0.15547128927410617 0.1126500461680517 0.13976164680390032
1 0.515697137580794 0.3391115926327194 0.11172668513388735 0.14301191765980498
1 0.6712834718374885 0.3320693391115926 0.11080332409972299 0.13976164680390032
1 0.6680517082179132 0.14788732394366197 0.11172668513388735 0.14192849404117008
