1 0.08186046511627908 0.3938244853737811 0.06511627906976744 0.06825568797399784
1 0.08372093023255814 0.4712892741061755 0.06697674418604652 0.06717226435536294
1 0.08511627906976744 0.5574214517876489 0.0772093023255814 0.07692307692307691
1 0.08325581395348838 0.6446370530877573 0.07348837209302327 0.0780065005417118
1 0.37627906976744185 0.4777898158179848 0.09209302325581396 0.10184182015167931
1 0.36790697674418604 0.6305525460455037 0.12558139534883722 0.13434452871072589
1 0.3674418604651163 0.7963163596966414 0.11906976744186047 0.12784398699891658
1 0.5293023255813953 0.4929577464788732 0.09674418604651164 0.09750812567713976
1 0.5190697674418605 0.64192849404117 0.12279069767441861 0.12892741061755145
1 0.5223255813953489 0.8055254604550379 0.12186046511627907 0.13109425785482123
