1 0.09302325581395349 0.14572047670639218 0.10418604651162791 0.13976164680390032
1 0.23488372093023258 0.14897074756229686 0.08279069767441861 0.12242686890574214
1 0.40093023255813953 0.16034669555796316 0.11348837209302326 0.14951245937161428
1 0.5465116279069768 0.16901408450704225 0.1144186046511628 0.1408450704225352
1 0.6883720930232559 0.180931744312026 0.10976744186046512 0.1408450704225352
1 0.8279069767441861 0.18959913326110509 0.1116279069767442 0.14301191765980498
1 0.07813953488372094 0.3331527627302275 0.12279069767441861 0.14409534127843987
1 0.22046511627906978 0.3358613217768147 0.09488372093023256 0.12351029252437702
1 0.39395348837209304 0.34940411700975077 0.11813953488372093 0.14842903575297942
1 0.5372093023255814 0.35590465872156013 0.1144186046511628 0.13759479956663054
1 0.6786046511627908 0.36511375947995667 0.11813953488372093 0.14951245937161428
1 0.8218604651162791 0.3732394366197183 0.11255813953488372 0.14626218851570963
