1 0.16604651162790698 0.6755146262188515 0.1386046511627907 0.1722643553629469
1 0.16093023255813954 0.8407367280606717 0.13767441860465118 0.1646803900325027
1 0.3841860465116279 0.3661971830985915 0.11906976744186047 0.14301191765980498
1 0.3893023255813954 0.5205850487540629 0.14790697674418604 0.1722643553629469
1 0.38372093023255816 0.680931744312026 0.14232558139534884 0.17009750812567714
1 0.38232558139534883 0.8477789815817984 0.15069767441860465 0.17659804983748645
1 0.5279069767441861 0.8748645720476705 0.11069767441860466 0.1267605633802817
1 0.5297674418604651 0.7611050920910075 0.10325581395348837 0.12242686890574214
1 0.5325581395348837 0.6468039003250271 0.10883720930232559 0.1256771397616468
1 0.5386046511627908 0.5346695557963164 0.1116279069767442 0.12459371614301191
1 0.5362790697674419 0.4225352112676056 0.10697674418604652 0.1256771397616468
