1 0.14958448753462603 0.1787648970747562 0.11080332409972299 0.1256771397616468
1 0.2820867959372114 0.1722643553629469 0.11542012927054478 0.12134344528710725
1 0.4118190212373038 0.16413867822318526 0.11449676823638041 0.12459371614301191
1 0.5466297322253001 0.1570964247020585 0.11080332409972299 0.12351029252437702
1 0.6777469990766389 0.1560130010834236 0.123730378578024 0.12134344528710725
1 0.8120960295475531 0.14897074756229686 0.12096029547553093 0.1267605633802817
1 0.8167128347183749 0.30335861321776814 0.12465373961218836 0.13001083423618634
1 0.685595567867036 0.3082340195016251 0.11911357340720222 0.1267605633802817
1 0.5540166204986149 0.31527627302275185 0.11634349030470914 0.13867822318526543
1 0.4182825484764543 0.31852654387865653 0.11819021237303785 0.13434452871072589
1 0.2876269621421976 0.3266522210184182 0.12096029547553093 0.13109425785482123
1 0.15281625115420128 0.3315276273022752 0.11357340720221606 0.13217768147345613
1 0.14912280701754385 0.5465872156013001 0.11726685133887349 0.133261105092091
1 0.28624192059095105 0.5411700975081256 0.123730378578024 0.13109425785482123
1 0.42105263157894735 0.5362946912242686 0.12188365650969529 0.13434452871072589
1 0.5572483841181902 0.5314192849404117 0.12096029547553093 0.13109425785482123
1 0.6980609418282548 0.5254604550379198 0.12188365650969529 0.13651137594799567
1 0.6971375807940905 0.6803900325027086 0.123730378578024 0.14301191765980498
1 0.5600184672206833 0.6852654387865655 0.1283471837488458 0.13976164680390032
1 0.4265927977839335 0.6923076923076923 0.12742382271468145 0.14517876489707474
