1 0.30840258541089566 0.17388949079089924 0.09233610341643582 0.085590465872156
1 0.4002770083102493 0.1267605633802817 0.10249307479224376 0.08884073672806067
1 0.4921514312096029 0.07908992416034669 0.09787626962142197 0.09100758396533044
1 0.22807017543859648 0.34398699891657636 0.08494921514312095 0.07475622968580714
1 0.2631578947368421 0.4360780065005417 0.08310249307479224 0.07475622968580714
1 0.38550323176361956 0.31744312026002164 0.15604801477377653 0.14951245937161428
1 0.5346260387811634 0.24052004333694474 0.15512465373961218 0.15384615384615383
1 0.32179132040627884 0.6549295774647887 0.12465373961218836 0.1180931744312026
1 0.4307479224376731 0.5915492957746479 0.12465373961218836 0.12134344528710725
1 0.5415512465373961 0.533044420368364 0.12465373961218836 0.11917659804983748
1 0.6537396121883656 0.4777898158179848 0.12742382271468145 0.12134344528710725
1 0.3693444136657433 0.7914409534127843 0.13111726685133887 0.13542795232936078
1 0.4824561403508772 0.7291440953412784 0.1283471837488458 0.13001083423618634
1 0.5946445060018467 0.666305525460455 0.12557710064635272 0.1256771397616468
1 0.6999076638965835 0.6078006500541712 0.10710987996306555 0.10617551462621884
