1 0.22945521698984303 0.12513542795232935 0.07109879963065559 0.08342361863488623
1 0.3554939981532779 0.10834236186348861 0.08679593721144967 0.12351029252437702
1 0.41458910433979684 0.1218851570964247 0.053554939981532775 0.07692307692307691
1 0.45891043397968606 0.1218851570964247 0.05724838411819021 0.0704225352112676
1 0.12557710064635272 0.38136511375947996 0.08494921514312095 0.10400866738894907
1 0.2012927054478301 0.38515709642470203 0.08310249307479224 0.10292524377031419
1 0.27008310249307477 0.3797399783315276 0.07479224376731301 0.0942578548212351
1 0.34164358264081257 0.3770314192849404 0.07017543859649122 0.08884073672806067
1 0.4155124653739612 0.3770314192849404 0.07202216066481994 0.08234019501625135
1 0.48984302862419205 0.37540628385698804 0.06925207756232686 0.07692307692307691
1 0.5586334256694367 0.32881906825568796 0.05170821791320406 0.05525460455037919
1 0.6343490304709141 0.3412784398699891 0.0664819944598338 0.07367280606717226
1 0.6251154201292706 0.3981581798483207 0.06278855032317636 0.06608884073672806
1 0.561865189289012 0.4024918743228602 0.07479224376731301 0.07475622968580714
1 0.6915974145891043 0.5314192849404117 0.10895660203139428 0.1180931744312026
1 0.6320406278855032 0.5736728060671722 0.05632502308402585 0.05958829902491874
1 0.579870729455217 0.533044420368364 0.09972299168975068 0.13867822318526543
1 0.5193905817174514 0.5731310942578548 0.05263157894736842 0.06500541711809317
1 0.4667590027700831 0.5265438786565547 0.09695290858725761 0.12134344528710725
1 0.407202216066482 0.5763813651137595 0.05724838411819021 0.07150595882990249
1 0.3545706371191136 0.5249187432286023 0.09418282548476455 0.1180931744312026
1 0.2987072945521699 0.5736728060671722 0.061865189289012 0.07908992416034669
1 0.24884579870729454 0.5303358613217768 0.09879963065558633 0.133261105092091
1 0.18928901200369344 0.5687973997833152 0.05909510618651893 0.06933911159263272
1 0.13342566943674977 0.5314192849404117 0.09695290858725761 0.13542795232936078
