1 0.15627906976744188 0.09859154929577464 0.11348837209302326 0.13217768147345613
1 0.28325581395348837 0.10725893824485373 0.1144186046511628 0.13434452871072589
1 0.4144186046511628 0.11105092091007583 0.12000000000000001 0.13109425785482123
1 0.6097674418604652 0.12405200433369447 0.1144186046511628 0.13759479956663054
1 0.7469767441860465 0.1294691224268689 0.11534883720930234 0.14626218851570963
1 0.1474418604651163 0.2578548212351029 0.11813953488372093 0.14301191765980498
1 0.28325581395348837 0.2600216684723727 0.1144186046511628 0.13434452871072589
1 0.41069767441860466 0.2654387865655471 0.11627906976744187 0.13651137594799567
1 0.6074418604651163 0.2757313109425785 0.11348837209302326 0.13976164680390032
1 0.7423255813953489 0.2854821235102925 0.11534883720930234 0.14626218851570963
