1 0.0706371191135734 0.2789815817984832 0.11911357340720222 0.15276273022751896
1 0.20683287165281625 0.29252437703141926 0.12188365650969529 0.15384615384615383
1 0.3462603878116343 0.30119176598049835 0.11634349030470914 0.1560130010834236
1 0.48522622345337024 0.31094257854821233 0.12096029547553093 0.1560130010834236
1 0.6246537396121884 0.3228602383531961 0.12465373961218836 0.1560130010834236
1 0.7663896583564174 0.33098591549295775 0.11819021237303785 0.15926327193932827
1 0.8716528162511542 0.3071505958829902 0.053554939981532775 0.07692307692307691
1 0.8698060941828255 0.38407367280606713 0.055401662049861494 0.07475622968580714
1 0.5309325946445059 0.5400866738894907 0.09233610341643582 0.12026002166847237
1 0.525854108956602 0.6684723726977247 0.09141274238227147 0.12351029252437702
1 0.6292705447830101 0.676056338028169 0.08956602031394274 0.12784398699891658
1 0.6343490304709141 0.547670639219935 0.0886426592797784 0.1180931744312026
1 0.7354570637119113 0.5590465872156013 0.08587257617728532 0.12134344528710725
1 0.7331486611265005 0.6841820151679306 0.08679593721144967 0.12242686890574214
1 0.8351800554016621 0.6912242686890574 0.09141274238227147 0.12351029252437702
1 0.8397968605724838 0.566088840736728 0.08771929824561403 0.12026002166847237
