1 0.16744186046511628 0.21451787648970747 0.08930232558139535 0.10617551462621884
1 0.27395348837209305 0.20639219934994582 0.0958139534883721 0.11592632719393282
1 0.3804651162790698 0.19501625135427952 0.10046511627906977 0.12134344528710725
1 0.49116279069767443 0.19176598049837484 0.09488372093023256 0.1256771397616468
1 0.16093023255813954 0.3499458288190682 0.10232558139534885 0.12351029252437702
1 0.26976744186046514 0.34182015167930657 0.10418604651162791 0.12026002166847237
1 0.38232558139534883 0.3445287107258938 0.10046511627906977 0.11917659804983748
1 0.4916279069767442 0.33640303358613216 0.09395348837209302 0.1180931744312026
1 0.62 0.12459371614301191 0.13488372093023257 0.1646803900325027
1 0.6288372093023256 0.30444203683640303 0.12837209302325583 0.16251354279523292
1 0.7753488372093024 0.12459371614301191 0.13674418604651165 0.1646803900325027
1 0.7851162790697674 0.3055254604550379 0.13395348837209303 0.1646803900325027
